no,id,indikator,sub_indikator,satuan,baseline_2024,target_2025,target_2029,sektor,kl,keywords,realisasi (TRUE/FALSE),implementation_summary,created_at,source,source_url,updated_at,
1,12,Pengampu Pencapaian Indikator Kegiatan Prioritas,KP 02.12.08 - Kabupaten/kota yang mendeklarasikan 5 Pilar STBM,kab/kota,4 (2023),30,200,Kesehatan,KEMENTERIAN KESEHATAN,"STBM 5 pilar, deklarasi STBM, sanitasi total, stop BABS, perilaku higienis",TRUE,"Program berjalan, ditandai dengan penetapan alokasi anggaran daerah untuk survei verifikasi 5 pilar dan deklarasi level provinsi/kabupaten/kota.",2025-12-10 04:20:46.000,jdih.kemenkoinfra.go.id,https://jdih.kemenkoinfra.go.id/cfind/source/files/perpres/2025/perpres-nomor-12-tahun-2025/lampiran-iii-perpres-nomor-12-tahun-2025.pdf,2025-02-10 00:00:00.000,
2,13,Pengampu Pencapaian Indikator Kegiatan Prioritas,KP 02.09.03 - Persentase kebijakan di bidang kerja sama pembangunan internasional Indonesia yang telah sesuai dengan prioritas nasional,persen,0,20,100,Pertahanan,KEMENTERIAN LUAR NEGERI,"kerja sama, prioritas nasional, kebijakan global, pembangunan internasional, sinkronisasi kebijakan",TRUE,"Program berjalan, ditandai dengan pelaksanaan sejumlah aktivitas konkret kerja sama pembangunan internasional oleh Kemlu sepanjang Tahun 2025, seperti pertemuan bilateral dan kesepakatan kerja sama dengan negara mitra di kawasan Pasifik, penyaluran bantuan pangan dan kemanusiaan ke Palestina yang diumumkan langsung oleh Menlu/Wamenlu, serta penyusunan kebijakan turunan (Grand Design dan aturan hibah) yang diselaraskan dengan RPJMN 2025-2029. Aktivitas ini tercatat lewat rilis resmi Kemlu maupun Sekretariat Negara, meskipun angka persentase realisasi kebijakan sesuai prioritas nasional untuk Tahun 2025 belum dipublikasikan secara spesifik.",2025-12-10 04:20:46.000,jdih.kemenkoinfra.go.id,https://jdih.kemenkoinfra.go.id/cfind/source/files/perpres/2025/perpres-nomor-12-tahun-2025/lampiran-iii-perpres-nomor-12-tahun-2025.pdf,2025-02-10 00:00:00.000,
3,15,Pengampu Pencapaian Indikator Kegiatan Prioritas,"KP 02.09.04 - Persentase keberhasilan promosi, pembentukan norma, dan kesepakatan diplomasi ekonomi terutama pada sektor prioritas",persen,75,80,82,Industri,KEMENTERIAN LUAR NEGERI,"promosi ekonomi, norma internasional, kesepakatan dagang, diplomasi ekonomi, sektor prioritas",TRUE,"Program berjalan, ditandai dengan penetapan oleh Kemenlu melalui Ditjen Hubungan Ekonomi dan Kerja Sama Pembangunan (HEKSP) terkait indikator ini sebagai indikator kinerja utama dan melaporkan capaiannya dalam Laporan Kinerja Tahun 2025. Realisasi tercatat 93,75 persen terhadap target 80 persen, dengan capaian 117,19 persen, berasal dari 7 norma dan 4 kesepakatan yang terealisasi dari target 8 norma dan 4 kesepakatan. Pelaksanaannya didukung partisipasi Indonesia pada berbagai forum seperti Sidang UNIDO ke-21, KTM UNCTAD ke-16, WTO CTE, WIPO SCCR-47, dan Codex Alimentarius sepanjang 2025.",2025-12-10 04:20:46.000,jdih.kemenkoinfra.go.id,https://jdih.kemenkoinfra.go.id/cfind/source/files/perpres/2025/perpres-nomor-12-tahun-2025/lampiran-iii-perpres-nomor-12-tahun-2025.pdf,2025-02-10 00:00:00.000,
4,19,Pengampu Pencapaian Indikator Kegiatan Prioritas,KP 07.16.02 - Indeks Diplomasi Perlindungan WNI di Luar Negeri,Indeks,98.5,98.7,99.1,Sosial,KEMENTERIAN LUAR NEGERI,"diplomasi WNI, perlindungan WNI, hubungan luar negeri, kasus WNI, kinerja diplomasi",TRUE,"Program berjalan, ditandai dengan terlaksananya ketiga jalur pembentuk indeks ini sepanjang Tahun 2025 sesuai Manual Indikator Kinerja Dit. PWNI 2025, yaitu diplomasi di forum internasional, pembentukan kebijakan nasional, dan kampanye penyadaran publik. Di jalur internasional, ASEAN mengadopsi Deklarasi tentang Pemberantasan Kejahatan Siber dan Penipuan Daring pada September 2025, yang disambut Indonesia dalam pertemuan Dewan Masyarakat Politik-Keamanan ASEAN pada rangkaian KTT ASEAN ke-47 di Kuala Lumpur, 26-28 Oktober 2025. Di jalur operasional, Pemerintah memulangkan 554 WNI korban TPPO penipuan daring dari Myawaddy, Myanmar, dalam dua tahap pada 18 dan 19 Maret 2025, dengan pengawalan Tim Pelindungan WNI Kemlu bersama KBRI Bangkok dan Yangon serta Hubinter Polri, dan secara agregat 27.768 WNI dipulangkan dari berbagai situasi krisis sepanjang 2025. Di jalur kebijakan nasional, terbit Kepmenlu Nomor 15 Tahun 2025 tentang Penetapan Perwakilan Pelindungan Terpadu serta Perjanjian Kerja Sama Kemlu dengan BPJS Ketenagakerjaan pada 22 Januari 2025. Layanan Kampanye Penyadaran Publik Dit. PWNI juga terdaftar aktif dengan standar pelayanan resmi di SIPPN Kementerian PANRB.",2025-12-10 04:20:46.000,jdih.kemenkoinfra.go.id,https://jdih.kemenkoinfra.go.id/cfind/source/files/perpres/2025/perpres-nomor-12-tahun-2025/lampiran-iii-perpres-nomor-12-tahun-2025.pdf,2025-02-10 00:00:00.000,
5,20,Pengampu Pencapaian Indikator Kegiatan Prioritas,KP 02.01.01 - Persentase pemenuhan alutsista,persen,30.3,30.3,100,Pertahanan,KEMENTERIAN PERTAHANAN,"pemenuhan alutsista, modernisasi senjata, peralatan militer, kekuatan TNI, logistik pertahanan",TRUE,"Program berjalan, ditandai dengan pelaksanaan sejumlah kegiatan modernisasi dan pemenuhan alutsista oleh Kemhan bersama TNI sepanjang Tahun 2025, seperti uji coba alutsista produksi dalam negeri, kelanjutan program alih teknologi untuk pengadaan kapal selam bersama mitra asing, hingga penambahan alutsista baru untuk memperkuat matra udara, yang dipublikasikan lewat rilis resmi di laman kemhan.go.id.",2025-12-10 04:20:46.000,jdih.kemenkoinfra.go.id,https://jdih.kemenkoinfra.go.id/cfind/source/files/perpres/2025/perpres-nomor-12-tahun-2025/lampiran-iii-perpres-nomor-12-tahun-2025.pdf,2025-02-10 00:00:00.000,
6,26,Pengampu Pencapaian Indikator Kegiatan Prioritas,KP 02.10.13 - Persentase wilayah terkendali dari Hama Penyakit Hewan Karantina (HPHK),persen,0,85,95,Pangan,BADAN KARANTINA INDONESIA,"karantina hewan, kontrol hama, HPHK, biosekuriti, wilayah aman",TRUE,"Program berjalan, ditandai dengan terlaksananya kegiatan pemantauan daerah sebar HPHK sepanjang Tahun 2025 oleh unit pelaksana teknis Badan Karantina Indonesia di berbagai wilayah, yang dituntaskan melalui seminar hasil pemantauan tingkat regional dan nasional bersama dinas peternakan provinsi/kabupaten-kota, akademisi, dan pemangku kepentingan terkait (misalnya di Sumatera Barat dan regional Sulawesi). Pelaksanaan ini juga terkonfirmasi dari dokumen anggaran (RKA/DIPA) yang memuat komponen persiapan, pelaksanaan, dan seminar pemantauan daerah sebar HPHK, serta dari Laporan Kinerja Tahun 2025 UPT Barantin yang dipublikasikan di laman resmi dan PPID Barantin, yang memuat indikator temuan dan tindak lanjut HPHK. Angka nasional persentase wilayah terkendali dari HPHK Tahun 2025 sendiri belum ditemukan dipublikasikan.",2025-12-10 04:20:46.000,jdih.kemenkoinfra.go.id,https://jdih.kemenkoinfra.go.id/cfind/source/files/perpres/2025/perpres-nomor-12-tahun-2025/lampiran-iii-perpres-nomor-12-tahun-2025.pdf,2026-07-03 09:27:03.911,
7,32,Koordinator Pencapaian Indikator Program Prioritas,PP 02.12 - Efisiensi pemanfaatan air irigasi,USD/m3,"0,31","0,34","0,43",Infrastruktur,KEMENTERIAN PEKERJAAN UMUM,"efisiensi, irigasi, air, USD, pemanfaatan",TRUE,"Program berjalan, ditandai dengan terealisasinya pembangunan dan rehabilitasi jaringan irigasi oleh Kementerian PU sepanjang Tahun Anggaran 2025 dengan luas 589.605,80 hektare, serta terkonfirmasinya pelaksanaan pekerjaan fisik rehabilitasi jaringan irigasi di daerah melalui publikasi resmi Kementerian PU sepanjang 2025 (misalnya rehabilitasi tahap II DI Tingal di Temanggung yang progres fisiknya mencapai 60% per akhir September 2025). Target angka indikator sendiri, yaitu 0,34 USD/m³, memang tercantum sebagai sasaran kerja Kementerian PU tahun 2025 di bidang sumber daya air. Angka realisasi efisiensi pemanfaatan air irigasi tahun 2025 dalam satuan USD/m³ belum dipublikasikan, karena Laporan Kinerja Ditjen SDA terbaru yang terbit masih edisi Tahun 2024.",2025-12-10 04:20:46.000,jdih.kemenkoinfra.go.id,https://jdih.kemenkoinfra.go.id/cfind/source/files/perpres/2025/perpres-nomor-12-tahun-2025/lampiran-iii-perpres-nomor-12-tahun-2025.pdf,2025-02-10 00:00:00.000,
8,41,Pengampu Pencapaian Indikator Kegiatan Prioritas,KP 07.12.01 - Indeks Kinerja Kebijakan Penerimaan Negara,persen,100,100,100,Birokrasi,KEMENTERIAN KEUANGAN,"kinerja penerimaan, kebijakan fiskal, indeks penerimaan, penerimaan negara, evaluasi fiskal",TRUE,"Program berjalan, ditandai dengan realisasi Tahun 2025 sebesar 112,94 (target 100,00), sehingga capaian indikator ini melebihi target yang ditetapkan (112,94%), sebagaimana dipublikasikan dalam Laporan Kinerja Direktorat Jenderal Pajak Tahun 2025.",2025-12-10 04:20:46.000,jdih.kemenkoinfra.go.id,https://jdih.kemenkoinfra.go.id/cfind/source/files/perpres/2025/perpres-nomor-12-tahun-2025/lampiran-iii-perpres-nomor-12-tahun-2025.pdf,2025-02-10 00:00:00.000,
9,47,Pengampu Pencapaian Indikator Kegiatan Prioritas,KP 07.14.01 - Imbal hasil (yield) SBN,persen,7,6.8-7.2,6.0-7.0,Birokrasi,KEMENTERIAN KEUANGAN,"yield SBN, pasar obligasi, surat negara, imbal hasil, pembiayaan negara",TRUE,"Program berjalan dan targetnya terpenuhi, ditandai dengan pelaporan resmi posisi yield SBN dalam publikasi APBN sepanjang 2025. Yield SBN 10 tahun konsisten menurun hingga berada di level 6,71% secara year to date, atau 6,01% pada akhir periode per 31 Desember 2025, artinya berada di bawah rentang target 2025 sebesar 6,8-7,2 persen. Penurunan ini setara sekitar 100 basis poin dari posisi 7,01% di akhir 2024. Lelang dan penerbitan SBN juga berjalan rutin dan datanya dipublikasi DJPPR.",2025-12-10 04:20:46.000,jdih.kemenkoinfra.go.id,https://jdih.kemenkoinfra.go.id/cfind/source/files/perpres/2025/perpres-nomor-12-tahun-2025/lampiran-iii-perpres-nomor-12-tahun-2025.pdf,2025-02-10 00:00:00.000,
10,55,Pengampu Pencapaian Indikator Kegiatan Prioritas,KP 02.10.04 - Peningkatan luas panen padi KSPP Nusa Tenggara Timur,ha,0,10930,183111,Pangan,KEMENTERIAN PERTANIAN,"panen padi, NTT pangan, hasil tani, lahan padi, produksi padi",TRUE,"Program berjalan, ditandai dengan tersalurkannya intervensi Kementerian Pertanian di NTT sepanjang Tahun 2025 berupa alokasi Cetak Sawah Rakyat 13.810 ha dan optimasi lahan non-rawa 28.723 ha di 22 kabupaten/kota melalui Ditjen Lahan dan Irigasi Pertanian, bantuan 3.072 unit alsintan, bantuan benih untuk 17.567 ha, serta pembentukan 81 Brigade Pangan, sebagaimana dipublikasikan Dinas Pertanian dan Ketahanan Pangan Provinsi NTT. Hasilnya, luas tanam padi 2025 tercatat 250.528 ha (96,11% dari target), luas panen naik 25,92% dibanding 2024, dan produksi GKG mencapai 968.324 ton atau naik 36,81%. Catatan: angka luas panen padi khusus di dalam kawasan KSPP/food estate NTT (Sumba Tengah dan sekitarnya) belum ditemukan dipublikasikan secara terpisah.",2025-12-10 04:20:46.000,jdih.kemenkoinfra.go.id,https://jdih.kemenkoinfra.go.id/cfind/source/files/perpres/2025/perpres-nomor-12-tahun-2025/lampiran-iii-perpres-nomor-12-tahun-2025.pdf,2025-02-10 00:00:00.000,
11,78,Pengampu Pencapaian Indikator Kegiatan Prioritas,KP 02.10.17 - Produksi vanili,ton,1505 (2022),1582,1588,Pangan,KEMENTERIAN PERTANIAN,"produksi vanili, vanili lokal, komoditas ekspor, hasil tani, rempah Indonesia",FALSE,"Program belum berjalan, ditandai dengan tidak ditemukannya bukti publikasi resmi yang menunjukkan adanya program peningkatan produksi vanili berjalan pada Tahun 2025. Realisasi kegiatan pengembangan kawasan tanaman semusim dan rempah Direktorat Jenderal Perkebunan Tahun 2025 diarahkan ke pala, kakao, dan tebu, tanpa vanili. Kegiatan pemerintah bertanggal 2025 yang menyinggung vanili hanya ditemukan pada balai perlindungan perkebunan tingkat provinsi, berupa pelatihan agens pengendali hayati yang sasarannya komoditas lain, sehingga tidak dapat dihitung sebagai intervensi terhadap indikator ini. Angka realisasi produksi vanili Tahun 2025 juga belum dipublikasikan.",2025-12-10 04:20:46.000,jdih.kemenkoinfra.go.id,https://jdih.kemenkoinfra.go.id/cfind/source/files/perpres/2025/perpres-nomor-12-tahun-2025/lampiran-iii-perpres-nomor-12-tahun-2025.pdf,2025-02-10 00:00:00.000,
12,93,Pengampu Pencapaian Indikator Kegiatan Prioritas,KP 02.10.18 - Persentase produksi komoditas pertanian organik terhadap produksi total komoditas pertanian,persen,1.45 (2022),1.47,1.55,Pangan,KEMENTERIAN PERTANIAN,"pangan organik, produksi organik, pertanian organik, komoditas sehat, pasar organik",FALSE,"Program belum berjalan, ditandai dengan tidak ditemukannya bukti publikasi resmi yang menunjukkan adanya program peningkatan produksi komoditas pertanian organik berjalan pada Tahun 2025. Kegiatan yang ditemukan masih pada tahap penyiapan kebijakan, yaitu diskusi kelompok terarah oleh Badan Perakitan dan Modernisasi Pertanian Kementerian Pertanian pada November 2025, yang justru menyimpulkan perlunya pembentukan Otoritas Kompeten Pangan Organik, reorientasi kebijakan, dan revisi peraturan menteri agar selaras dengan SNI 6729:2025 dan RPJMN 2025-2029. Angka persentase produksi pertanian organik Tahun 2025 belum dipublikasikan.",2025-12-10 04:20:46.000,jdih.kemenkoinfra.go.id,https://jdih.kemenkoinfra.go.id/cfind/source/files/perpres/2025/perpres-nomor-12-tahun-2025/lampiran-iii-perpres-nomor-12-tahun-2025.pdf,2025-02-10 00:00:00.000,
13,96,Pengampu Pencapaian Indikator Kegiatan Prioritas,KP 03.02.04 - Panjang jaringan distribusi tenaga listrik,kms,22.898 (2023),11.714,10.761,Energi,KEMENTERIAN ENERGI DAN SUMBER DAYA MINERAL,"jaringan distribusi, listrik desa, kabel PLN, proyek distribusi, perluasan listrik",TRUE,"Program berjalan, ditandai dengan terkonfirmasinya realisasi pembangunan fisik jaringan distribusi sepanjang Tahun 2025 dalam satuan kilometer sirkuit. Melalui Program Listrik Perdesaan, PLN membangun Jaringan Tegangan Menengah sepanjang 4.856,17 kms, Jaringan Tegangan Rendah sepanjang 3.662,68 kms, dan gardu distribusi 105.280 kVA di 1.403 lokasi, yang disampaikan Direktur Utama PLN dan ditinjau langsung Menteri ESDM di Kabupaten Purworejo. Realisasi juga terdokumentasi pada level unit wilayah melalui publikasi PLN dan pemerintah daerah, misalnya PLN UID Jawa Tengah dan DIY sepanjang 2.607,80 kms JTM dan 2.676,81 kms JTR, serta penyelesaian jaringan tingkat dusun di Rokan Hulu, Riau. Data resmi PLN turut menunjukkan pertumbuhan jaringan, dengan panjang JTM nasional 463.451,41 kms pada 2025, naik dari 450.208,08 kms pada 2024. Angka realisasi dalam format indikator RPJMN, yaitu total tambahan panjang jaringan distribusi per tahun, belum dipublikasikan terpisah oleh Ditjen Ketenagalistrikan.",2025-12-10 04:20:46.000,jdih.kemenkoinfra.go.id,https://jdih.kemenkoinfra.go.id/cfind/source/files/perpres/2025/perpres-nomor-12-tahun-2025/lampiran-iii-perpres-nomor-12-tahun-2025.pdf,2025-02-10 00:00:00.000,"coba cek lagi, web pln lagi gabisa"
14,120,Pengampu Pencapaian Indikator Kegiatan Prioritas,KP 05.01.02 - Kapasitas produksi industri olahan tembaga,ribu ton/tahun,375,1.195,1.195,Industri,KEMENTERIAN PERINDUSTRIAN,"smelter tembaga, produksi tembaga, kapasitas smelter, hilirisasi tembaga, investasi tembaga",TRUE,"Program berjalan, ditandai dengan beroperasinya rangkaian smelter tembaga yang menjadi basis target kapasitas. Kemenperin memetakan empat smelter tembaga (PT Smelting Gresik, PT Batutua Tembaga Raya Wetar, PT Freeport Indonesia Gresik, dan PT Amman Mineral Industri Sumbawa) dengan target total produksi katoda tembaga 1,19 juta ton per tahun. Namun realisasi produksi 2025 masih jauh di bawah kapasitas terpasang: smelter Amman baru memproduksi 19.805 ton katoda pada paruh pertama 2025 karena masih tahap komisioning dan kendala teknis, sementara smelter Freeport di Gresik berhenti beroperasi sejak Desember 2025 akibat kekosongan pasokan konsentrat imbas longsor di tambang Grasberg Block Cave dan baru dijadwalkan berproduksi kembali mulai September 2026. Angka realisasi kapasitas produksi nasional 2025 belum dipublikasikan Kemenperin.",2025-12-10 04:20:46.000,jdih.kemenkoinfra.go.id,https://jdih.kemenkoinfra.go.id/cfind/source/files/perpres/2025/perpres-nomor-12-tahun-2025/lampiran-iii-perpres-nomor-12-tahun-2025.pdf,2025-02-10 00:00:00.000,
15,131,Pengampu Pencapaian Indikator Kegiatan Prioritas,"KP 05.01.11 - Pertumbuhan PDB industri farmasi, produk obat kimia, dan obat tradisional",persen,"1,85 (2023)","11,48","11,86",Industri,KEMENTERIAN PERINDUSTRIAN,"PDB farmasi, industri obat, obat tradisional, bahan baku obat, ekspor farmasi",TRUE,"Program berjalan, ditandai dengan publikasi capaiannya oleh Kemenperin melalui Ditjen IKFT. Sekretaris Ditjen IKFT melaporkan subsektor industri kimia, farmasi, dan obat tradisional tumbuh 8,35 persen sepanjang 2025, naik 2,49 poin dari 5,86 persen pada 2024. Untuk subsektor farmasi secara lebih spesifik, Kemenperin mencatat industri farmasi dan obat tradisional tumbuh 9,39 persen pada triwulan II 2025, jauh di atas 3,68 persen pada triwulan I 2025 dan 4,47 persen pada triwulan IV 2024. Angka agregat tahunan yang persis sesuai definisi indikator (target 11,48 persen) belum dirilis terpisah.",2025-12-10 04:20:46.000,jdih.kemenkoinfra.go.id,https://jdih.kemenkoinfra.go.id/cfind/source/files/perpres/2025/perpres-nomor-12-tahun-2025/lampiran-iii-perpres-nomor-12-tahun-2025.pdf,2025-02-10 00:00:00.000,
16,134,Pengampu Pencapaian Indikator Kegiatan Prioritas,KP 05.01.14 - Pertumbuhan PDB industri mesin dan perlengkapan,persen,"-0,03 (2023)","4,00","8,70",Industri,KEMENTERIAN PERINDUSTRIAN,"PDB mesin, industri mesin, alat berat, manufaktur mesin, ekspor mesin",TRUE,"Program berjalan, ditandai dengan pernyataan Direktur Industri Permesinan dan Alat Mesin Pertanian Ditjen ILMATE Kemenperin bahwa subsektor industri mesin dan perlengkapan tumbuh 18,75 persen pada triwulan II 2025, tertinggi sejak 2012, didorong kenaikan belanja modal pemerintah sebesar 30,37 persen. Secara kumulatif, Kemenperin mencatat industri mesin dan perlengkapan tumbuh 9,97 persen pada triwulan I hingga III 2025, dibanding target RPJMN 4,00 persen.",2025-12-10 04:20:46.000,jdih.kemenkoinfra.go.id,https://jdih.kemenkoinfra.go.id/cfind/source/files/perpres/2025/perpres-nomor-12-tahun-2025/lampiran-iii-perpres-nomor-12-tahun-2025.pdf,2025-02-10 00:00:00.000,
17,137,Pengampu Pencapaian Indikator Kegiatan Prioritas,KP 05.01.16 - Produktivitas tenaga kerja industri TPT,persen,"55,29","60,34","79,76",Industri,KEMENTERIAN PERINDUSTRIAN,"produktivitas TPT, tenaga kerja, efisiensi pabrik, upah buruh, skill tekstil",TRUE,"Program berjalan, ditandai dengan bergulirnya Program Restrukturisasi Mesin dan/atau Peralatan Industri TPT secara berkelanjutan. Portal resmi Kemenperin mencantumkan pelaksanaan program untuk TA 2026 dengan prioritas bagi pemohon yang belum pernah menerima penggantian pada tahun anggaran 2021 sampai 2025, dan pengecualian bagi industri yang sudah menerima tiga kali pada periode 2021 sampai 2025, yang mengonfirmasi program juga berjalan pada TA 2025. Kemenperin juga menyebut program ini telah meningkatkan kapasitas produksi 21,75 persen, efisiensi energi 11,86 persen, dan lapangan kerja 3,96 persen, dilengkapi jalur vokasi industri. Angka realisasi produktivitas tenaga kerja TPT tahun 2025 sendiri belum dipublikasikan. ",2025-12-10 04:20:46.000,jdih.kemenkoinfra.go.id,https://jdih.kemenkoinfra.go.id/cfind/source/files/perpres/2025/perpres-nomor-12-tahun-2025/lampiran-iii-perpres-nomor-12-tahun-2025.pdf,2025-02-10 00:00:00.000,
18,144,Pengampu Pencapaian Indikator Kegiatan Prioritas,KP 05.02.06 - Nilai investasi perusahaan industri dan perusahaan kawasan industri di KI Bintan Inti Industrial Estate,triliun rupiah,"1,65","1,73","4,99",Industri,KEMENTERIAN PERINDUSTRIAN,"investasi Bintan, KI Bintan, kawasan industri, PMA Bintan, proyek industri",TRUE,"Program berjalan, ditandai dengan tercatatnya nilai realisasi investasi sebesar Rp0,18 triliun untuk Bintan Inti Industrial Estate pada dataset resmi BKPM Tahun 2025 (data sementara).",2025-12-10 04:20:46.000,jdih.kemenkoinfra.go.id,https://jdih.kemenkoinfra.go.id/cfind/source/files/perpres/2025/perpres-nomor-12-tahun-2025/lampiran-iii-perpres-nomor-12-tahun-2025.pdf,2025-02-10 00:00:00.000,
19,147,Pengampu Pencapaian Indikator Kegiatan Prioritas,KP 05.02.09 - Nilai investasi perusahaan industri dan perusahaan kawasan industri di KIT Batang,triliun rupiah,"3,77","4,14","5,32",Industri,KEMENTERIAN PERINDUSTRIAN,"investasi Batang, KIT Batang, kawasan industri, PMA Batang, proyek industri",TRUE,"Program berjalan, ditandai dengan KIT Batang yang diresmikan menjadi KEK Industropolis Batang oleh Presiden pada 20 Maret 2025, dan sepanjang 2025 kawasan ini membukukan realisasi investasi baru sekitar Rp4,87 triliun (menurut pengelola, dikutip Antara/Liputan6), dengan realisasi kumulatif kawasan sekitar Rp17,95 triliun. Sebagai konteks nasional, Plt Sekjen Dewan Nasional KEK Rizal Edwin Manansang menyatakan realisasi investasi di 25 KEK sepanjang 2025 mencapai Rp82,6 triliun atau sekitar 98 persen dari target dengan serapan 88.541 tenaga kerja (kumulatif 2012-2025 Rp335 triliun dan 248.459 pekerja). Nilai realisasi 2025 KIT Batang ini melampaui target indikator 4,14 triliun rupiah, menandakan indikator berjalan dan tercapai.",2025-12-10 04:20:46.000,jdih.kemenkoinfra.go.id,https://jdih.kemenkoinfra.go.id/cfind/source/files/perpres/2025/perpres-nomor-12-tahun-2025/lampiran-iii-perpres-nomor-12-tahun-2025.pdf,2025-02-10 00:00:00.000,
20,158,Pengampu Pencapaian Indikator Kegiatan Prioritas,KP 05.02.21 - Nilai investasi perusahaan industri dan perusahaan kawasan industri di KI Pulau Obi,triliun rupiah,"0,01","2,53","10,62",Industri,KEMENTERIAN PERINDUSTRIAN,"investasi Obi, KI Pulau Obi, kawasan industri, PMA Obi, proyek industri",TRUE,"Program berjalan, ditandai dengan tercatatnya nilai realisasi investasi sebesar Rp0,50 triliun untuk Kawasan Industri Pulau Obi pada dataset resmi BKPM Tahun 2025 (data sementara).",2025-12-10 04:20:46.000,jdih.kemenkoinfra.go.id,https://jdih.kemenkoinfra.go.id/cfind/source/files/perpres/2025/perpres-nomor-12-tahun-2025/lampiran-iii-perpres-nomor-12-tahun-2025.pdf,2025-02-10 00:00:00.000,
21,160,Pengampu Pencapaian Indikator Kegiatan Prioritas,KP 05.02.23 - Nilai investasi perusahaan industri dan perusahaan kawasan industri di KI Buli,triliun rupiah,"0,01","0,21","0,83",Industri,KEMENTERIAN PERINDUSTRIAN,"investasi Buli, KI Buli, kawasan industri, PMA Buli, proyek industri",TRUE,"Program berjalan, ditandai dengan tercatatnya nilai realisasi investasi sebesar Rp0,006 triliun untuk Kawasan Industri Buli pada dataset resmi BKPM Tahun 2025 (data sementara), meski nilainya masih relatif kecil dibanding kawasan lain, didukung publikasi terkait peresmian proyek investasi besar (ekosistem baterai kendaraan listrik) di kawasan Buli pada 2025 serta konsultasi publik lanjutan pengembangan kawasan pada 2026.",2025-12-10 04:20:46.000,jdih.kemenkoinfra.go.id,https://jdih.kemenkoinfra.go.id/cfind/source/files/perpres/2025/perpres-nomor-12-tahun-2025/lampiran-iii-perpres-nomor-12-tahun-2025.pdf,2025-02-10 00:00:00.000,
22,165,Pengampu Pencapaian Indikator Kegiatan Prioritas,KP 05.05.04 - Diversifikasi produk industri berbasis SDA yang diolah,persen,"0,294 (2023)",286,269,Industri,KEMENTERIAN PERINDUSTRIAN,"diversifikasi SDA, hilirisasi SDA, produk olahan, inovasi industri, nilai tambah",TRUE,"Program berjalan, ditandai dengan adanya kebijakan dan kegiatan hilirisasi SDA unggulan, tetapi angka indikatornya belum dipublikasikan. Kemenperin menyatakan pengembangan hilirisasi berbasis sumber daya hayati akan semakin fokus seiring masuknya komoditas seperti rumput laut dalam tematik pengembangan hilirisasi industri berbasis SDA unggulan pada RPJMN 2025-2029. Untuk tahun anggaran berikutnya, Kemenperin menetapkan program prioritas yang mencakup percepatan hilirisasi sumber daya alam, restrukturisasi mesin dan teknologi, serta pengembangan industri halal dan TKDN. Kegiatan pendukung juga terlihat pada level Ditjen Industri Agro dan Ditjen IKMA, misalnya fasilitasi super deduction tax untuk riset diversifikasi produk pangan. ",2025-12-10 04:20:46.000,jdih.kemenkoinfra.go.id,https://jdih.kemenkoinfra.go.id/cfind/source/files/perpres/2025/perpres-nomor-12-tahun-2025/lampiran-iii-perpres-nomor-12-tahun-2025.pdf,2025-02-10 00:00:00.000,
23,175,Pengampu Pencapaian Indikator Kegiatan Prioritas,KP 02.11.02 - Jumlah volume penyaluran BBM bersubsidi,juta KL,17,"19,41","20,48",Energi,KEMENTERIAN ENERGI DAN SUMBER DAYA MINERAL,"BBM subsidi, penyaluran BBM, kuota subsidi, harga BBM, distribusi BBM",TRUE,"Program berjalan dan angkanya sudah terpublikasi. BPH Migas melaporkan realisasi penyaluran Januari sampai Desember 2025 untuk JBT Solar sebesar 18,41 juta KL atau 97,4 persen dari kuota 18,88 juta KL, dan JBT minyak tanah sebesar 507.944 KL atau 96,75 persen dari kuota 525.000 KL, sehingga total JBT (BBM bersubsidi) berada di kisaran 18,9 juta KL. Untuk JBKP Pertalite (BBM kompensasi), realisasinya 28,06 juta KL atau sekitar 89,86 persen dari kuota. Dari penyaluran yang berada di bawah kuota tersebut, pemerintah mencatat penghematan subsidi dan kompensasi sekitar Rp4,98 triliun. Angka ini disampaikan Kepala BPH Migas dalam Rapat Dengar Pendapat bersama Komisi XII DPR RI pada 27 Januari 2026. ",2025-12-10 04:20:46.000,jdih.kemenkoinfra.go.id,https://jdih.kemenkoinfra.go.id/cfind/source/files/perpres/2025/perpres-nomor-12-tahun-2025/lampiran-iii-perpres-nomor-12-tahun-2025.pdf,2025-02-10 00:00:00.000,
24,184,Pengampu Pencapaian Indikator Kegiatan Prioritas,KP 02.19.01 - Reduksi emisi GRK sektor energi,juta ton CO2-Eq,142,164,272,Energi,KEMENTERIAN ENERGI DAN SUMBER DAYA MINERAL,"emisi sektor energi, reduksi GRK, net zero energi, transisi energi, pembangkit bersih",TRUE,"Program berjalan dan target tercapai, ditandai dengan terpublikasinya realisasi penurunan emisi GRK sektor energi Tahun 2025 sebesar 165,31 juta ton CO2e dalam Laporan Kinerja Ditjen EBTKE Tahun 2025, melampaui target RPJMN sebesar 164 juta ton CO2-Eq. Capaian ini ditopang aksi mitigasi yang terkonfirmasi pelaksanaannya sepanjang 2025, antara lain mandatori B40 dengan pemanfaatan biodiesel domestik 14,94 juta kL, penambahan kapasitas terpasang PLT EBT sebesar 1,3 GW (terbesar dalam lima tahun terakhir) menjadi 15.630 MW, dan penurunan intensitas energi final 1,32 juta SBM/Miliar Rp.",2025-12-10 04:20:46.000,jdih.kemenkoinfra.go.id,https://jdih.kemenkoinfra.go.id/cfind/source/files/perpres/2025/perpres-nomor-12-tahun-2025/lampiran-iii-perpres-nomor-12-tahun-2025.pdf,2025-02-10 00:00:00.000,
25,185,Pengampu Pencapaian Indikator Kegiatan Prioritas,KP 03.02.03 - Kapasitas pembangkit listrik (kumulatif angka dasar tahun 2023),"GW, kumulatif",91 (2023),"93,9",100,Energi,KEMENTERIAN ENERGI DAN SUMBER DAYA MINERAL,"kapasitas pembangkit, MW terpasang, proyek listrik, pembangkit PLN, investasi listrik",TRUE,"Program berjalan dan capaiannya sudah terpublikasi resmi. Kapasitas terpasang pembangkit listrik pada Tahun 2025 meningkat sebanyak 7 GW dari Tahun 2024 menjadi 107,51 GW. Hal ini disampaikan Menteri ESDM pada Konferensi Pers Capaian Kinerja Sektor ESDM di Jakarta, Kamis 8 Januari 2026, yang menegaskan peningkatan kapasitas sebagai bagian upaya menjaga keandalan pasokan listrik nasional. Perlu dicatat, angka 107,51 GW merupakan kapasitas nasional gabungan (PLN, IPP, PPU, dan IUPTLS), sehingga cakupannya bisa lebih luas daripada definisi indikator RPJMN, dan penjelasan metodologi resmi perlu dikonfirmasi ke Ditjen Ketenagalistrikan.",2025-12-10 04:20:46.000,jdih.kemenkoinfra.go.id,https://jdih.kemenkoinfra.go.id/cfind/source/files/perpres/2025/perpres-nomor-12-tahun-2025/lampiran-iii-perpres-nomor-12-tahun-2025.pdf,2025-02-10 00:00:00.000,
26,187,Pengampu Pencapaian Indikator Kegiatan Prioritas,KP 03.02.03 - Produksi tenaga listrik,GWh,323.320 (2023),363.044,451.364,Energi,KEMENTERIAN ENERGI DAN SUMBER DAYA MINERAL,"produksi listrik, pasokan listrik, beban puncak, operasional PLN, output energi",TRUE,"Program berjalan dengan capaian mendekati target, ditandai dengan terpublikasinya realisasi produksi tenaga listrik Tahun 2025 sebesar 354.928,06 GWh dalam Statistik PLN 2025, naik dari 343.891,75 GWh pada Tahun 2024. Angka ini setara sekitar 97,8 persen dari target RPJMN Tahun 2025 sebesar 363.044 GWh. Dari total produksi tersebut, 161.547,41 GWh atau 45,52 persen berasal dari pembelian di luar PLN. Realisasi ini konsisten dengan proyeksi yang disampaikan Plt. Direktur Jenderal Ketenagalistrikan dalam rapat kerja bersama Komisi XII DPR pada 13 November 2025, yang memperkirakan produksi listrik nasional sepanjang 2025 mencapai 354 TWh dengan capaian hingga Oktober 2025 sebesar 290 TWh. Sebagai indikator turunan, konsumsi listrik per kapita pada 2025 tercatat 1.584 kWh atau 108,2 persen dari target 1.464 kWh.",2025-12-10 04:20:46.000,jdih.kemenkoinfra.go.id,https://jdih.kemenkoinfra.go.id/cfind/source/files/perpres/2025/perpres-nomor-12-tahun-2025/lampiran-iii-perpres-nomor-12-tahun-2025.pdf,2025-02-10 00:00:00.000,
27,188,Pengampu Pencapaian Indikator Kegiatan Prioritas,KP 03.02.04 - Panjang jaringan transmisi tenaga listrik,kms,2.806 (2023),2.152,15.206,Energi,KEMENTERIAN ENERGI DAN SUMBER DAYA MINERAL,"jaringan transmisi, SUTET PLN, interkoneksi listrik, proyek transmisi, backbone listrik",TRUE,"Program berjalan, ditandai dengan adanya peresmian proyek transmisi yang telah selesai pada Tahun 2025 serta penetapan rencana pembangunan transmisi dalam dokumen resmi. Pada awal 2025, Presiden meresmikan 11 proyek transmisi sepanjang 739,71 kms beserta gardu induk 1.740 MVA. Rencana jangka menengahnya tertuang dalam RUPTL, di mana Keputusan Menteri ESDM Nomor 188.K/TL.03/MEM.L/2025 memerinci rencana jaringan transmisi sepanjang 47.758 kms dan gardu induk 107.950 MVA, dan Menteri ESDM menyatakan jaringan tersebut akan dibangun bertahap dalam satu dekade untuk menghubungkan pembangkit EBT ke gardu induk PLN. Penyelesaian proyek transmisi juga terus dipublikasikan PLN di tingkat daerah sepanjang 2025, contohnya rampungnya GI 150 kV KIT Batang beserta SUTT 150 kV KIT Batang Incomer sepanjang 10,916 kms pada Desember 2025. Angka nasional total tambahan panjang jaringan transmisi (kms) yang beroperasi selama Tahun 2025 belum dipublikasikan.",2025-12-10 04:20:46.000,jdih.kemenkoinfra.go.id,https://jdih.kemenkoinfra.go.id/cfind/source/files/perpres/2025/perpres-nomor-12-tahun-2025/lampiran-iii-perpres-nomor-12-tahun-2025.pdf,2025-02-10 00:00:00.000,
28,196,Pengampu Pencapaian Indikator Kegiatan Prioritas,KP 03.01.02 - Panjang jalur KA yang beroperasi,km (kumulatif),6.880 (2023),6.928,6.985,Infrastruktur,KEMENTERIAN PERHUBUNGAN,"panjang rel, jalur KA, lintas kereta, pembangunan rel, jaringan KA",TRUE,"Program berjalan, ditandai dengan beroperasinya jalur-jalur kereta api baru dan segmen jalur ganda hasil pembangunan DJKA yang mulai dipakai lewat pemberlakuan Gapeka 2025 per 1 Februari 2025, antara lain lintas baru Rantauprapat Baru–Pondok S5, Kreunggeukeuh–Kutablang–Muara Satu, dan Semarang Tawang–Tanjungmas, serta perubahan jalur tunggal menjadi jalur ganda pada beberapa segmen di Jawa dan Sumatera. DJKA juga melaporkan capaian indikator ini secara berkala kepada Komisi V DPR RI: panjang jalur kereta api yang beroperasi tercatat 6.915,12 km atau sekitar 99,81% dari target tahunan, dan Menteri Perhubungan menyebut angka jaringan aktif nasional di kisaran 6.927 km. Angka realisasi khusus posisi akhir 2025 belum dipublikasikan tersendiri karena Laporan Kinerja DJKA Tahun 2025 belum terbit.",2025-12-10 04:20:46.000,jdih.kemenkoinfra.go.id,https://jdih.kemenkoinfra.go.id/cfind/source/files/perpres/2025/perpres-nomor-12-tahun-2025/lampiran-iii-perpres-nomor-12-tahun-2025.pdf,2025-02-10 00:00:00.000,
29,200,Pengampu Pencapaian Indikator Kegiatan Prioritas,KP 03.01.03 - Penumpang angkutan laut nonkomersil,ribu penumpang,1.444 (2023),1.637,2.022,Infrastruktur,KEMENTERIAN PERHUBUNGAN,"angkutan laut perintis, penumpang perintis, kapal perintis, tol laut, layanan nonkomersil",TRUE,"Program berjalan, ditandai dengan terselenggaranya layanan angkutan laut perintis dan angkutan rede sepanjang Tahun 2025 sebagaimana dipublikasikan Ditjen Perhubungan Laut, mencakup 107 trayek kapal perintis yang melayani 480 pelabuhan singgah di 28 provinsi dan 184 kabupaten/kota dengan realisasi fisik 2.154 voyage, serta 18 trayek angkutan rede pada 75 pelabuhan singgah. Dari sisi produksi, Dirjen Perhubungan Laut menyampaikan realisasi PSO tahun 2025 melayani sekitar 1,26 juta penumpang pada kapal perintis dan 48.003 penumpang pada kapal rede, di luar layanan PSO penumpang kelas ekonomi yang mengangkut 4.472.921 orang. Angka realisasi resmi versi indikator RPJMN untuk 2025 belum dipublikasikan tersendiri, dan angka produksi yang tersedia masih di bawah target 1.637 ribu penumpang.",2025-12-10 04:20:46.000,jdih.kemenkoinfra.go.id,https://jdih.kemenkoinfra.go.id/cfind/source/files/perpres/2025/perpres-nomor-12-tahun-2025/lampiran-iii-perpres-nomor-12-tahun-2025.pdf,2025-02-10 00:00:00.000,
30,201,Pengampu Pencapaian Indikator Kegiatan Prioritas,KP 03.01.03 - Muatan barang angkutan laut nonkomersil,ton,660.664 (2023),720.124,839.043,Infrastruktur,KEMENTERIAN PERHUBUNGAN,"muatan perintis, barang perintis, kapal perintis, logistik perintis, tol laut",TRUE,"Program berjalan, ditandai dengan terlaksananya angkutan barang perintis dan program Tol Laut sepanjang Tahun 2025 sebagaimana dilaporkan Ditjen Perhubungan Laut. Sampai September 2025, Tol Laut tercatat menjalankan 523 voyage melayani 104 pelabuhan, dan untuk keseluruhan tahun 2025 Dirjen Perhubungan Laut menyampaikan realisasi 756 voyage dengan muatan 32.732 TEUs dan 2.003 ton, sementara kapal perintis mengangkut 188.571 ton barang general cargo. Pemerintah juga sudah menyiapkan skema optimalisasi trayek Tol Laut untuk 2026, yang menandakan program tetap berlanjut. Angka realisasi tunggal dalam satuan ton sesuai definisi indikator RPJMN belum dipublikasikan, dan angka yang tersedia masih di bawah target 720.124 ton.",2025-12-10 04:20:46.000,jdih.kemenkoinfra.go.id,https://jdih.kemenkoinfra.go.id/cfind/source/files/perpres/2025/perpres-nomor-12-tahun-2025/lampiran-iii-perpres-nomor-12-tahun-2025.pdf,2025-02-10 00:00:00.000,
31,205,Pengampu Pencapaian Indikator Kegiatan Prioritas,KP 03.01.05 - Pelabuhan penyeberangan yang beroperasi,"lokasi, kumulatif",230 (2023),235,242,Infrastruktur,KEMENTERIAN PERHUBUNGAN,"pelabuhan ferry, dermaga roro, lintas ASDP, operasional penyeberangan, terminal ferry",TRUE,"Program berjalan, ditandai dengan selesainya pembangunan dan diresmikannya pelabuhan penyeberangan baru pada Tahun 2025 sebagaimana dipublikasikan Kementerian Perhubungan, contohnya Pelabuhan Penyeberangan Letung di Kepulauan Anambas dan Pelabuhan Penyeberangan Sedanau di Natuna yang diresmikan pada 5 November 2025 dan langsung dilayani KMP Bahtera Nusantara 01 pada lintas Tanjung Uban sampai Sintete. Pengoperasian pelabuhan penyeberangan eksisting juga terkonfirmasi berjalan melalui pengaturan operasional oleh Ditjen Perhubungan Darat sepanjang tahun, termasuk pada periode angkutan Natal 2025 dan Tahun Baru 2026. Jumlah kumulatif pelabuhan penyeberangan yang beroperasi secara nasional posisi 2025 belum dipublikasikan, karena LAKIP Ditjen Perhubungan Darat yang tersedia di daftar informasi publik masih edisi Tahun 2024.",2025-12-10 04:20:46.000,jdih.kemenkoinfra.go.id,https://jdih.kemenkoinfra.go.id/cfind/source/files/perpres/2025/perpres-nomor-12-tahun-2025/lampiran-iii-perpres-nomor-12-tahun-2025.pdf,2025-02-10 00:00:00.000,
32,225,Pengampu Pencapaian Indikator Kegiatan Prioritas,"KP 02.12.05 - Kabupaten/kota kualitas air minum pada sarana air minum memenuhi syarat kabupaten/kota dengan kualitas air minum yang memenuhi syarat (RIBK, Renstra)",persen,65 (2023),50,250,Kesehatan,KEMENTERIAN KESEHATAN,"sarana air minum, kualitas air, uji laboratorium, standar air, air aman",TRUE,"Program berjalan, ditandai dengan diselenggarakannya Surveilans Kualitas Air Minum Rumah Tangga (SKAMRT) Tahun 2025 oleh Kementerian Kesehatan melalui pendampingan tematik kepada dinas kesehatan daerah, serta terlaksananya pengawasan kualitas air minum di tingkat kabupaten/kota yang hasilnya dipublikasikan oleh dinas kesehatan kabupaten/kota melalui portal Satu Data Indonesia, antara lain data Jumlah Sarana Air Minum Memenuhi Syarat Tahun 2025 dari Dinas Kesehatan Kabupaten Musi Banyuasin. Angka capaian indikator secara nasional untuk Tahun 2025 belum dipublikasikan.",2025-12-10 04:20:46.000,jdih.kemenkoinfra.go.id,https://jdih.kemenkoinfra.go.id/cfind/source/files/perpres/2025/perpres-nomor-12-tahun-2025/lampiran-iii-perpres-nomor-12-tahun-2025.pdf,2025-02-10 00:00:00.000,
33,226,Pengampu Pencapaian Indikator Kegiatan Prioritas,KP 02.18.01 - Jumlah kabupaten/kota dengan kepala keluarga yang melakukan pengelolaan sampah secara terstandar (pilar 4 STBM),kab/kota,4 (2023),30,200,Kesehatan,KEMENTERIAN KESEHATAN,"kelola sampah, pilar STBM, sampah terpilah, bank sampah, rumah tangga",TRUE,"Program berjalan, ditandai dengan terkonfirmasinya pelaksanaan pemicuan, pendampingan, dan verifikasi STBM Pilar 4 (Pengelolaan Sampah Rumah Tangga) oleh dinas kesehatan kabupaten/kota bersama puskesmas dan lintas sektor melalui publikasi kegiatan pada laman resmi pemerintah daerah sepanjang Tahun 2025. Jumlah kabupaten/kota yang memenuhi kriteria secara nasional pada Tahun 2025 belum dipublikasikan.",2025-12-10 04:20:46.000,jdih.kemenkoinfra.go.id,https://jdih.kemenkoinfra.go.id/cfind/source/files/perpres/2025/perpres-nomor-12-tahun-2025/lampiran-iii-perpres-nomor-12-tahun-2025.pdf,2025-02-10 00:00:00.000,
34,233,Pengampu Pencapaian Indikator Kegiatan Prioritas,KP 04.11.01 - Cakupan antenatal care (ANC) sesuai standar (12T),persen,(indikator baru),63,75,Kesehatan,KEMENTERIAN KESEHATAN,"ANC 12T, standar prenatal, pemeriksaan lengkap, layanan hamil, kualitas ANC",TRUE,"Program berjalan, ditandai dengan pemberlakuan pedoman teknis 12T untuk menggantikan standar sebelumnya di dalam Rencana Aksi Program Direktorat Jenderal terkait dan diintegrasikan pada pedoman layanan fasilitas kesehatan/puskesmas.",2025-12-10 04:20:46.000,jdih.kemenkoinfra.go.id,https://jdih.kemenkoinfra.go.id/cfind/source/files/perpres/2025/perpres-nomor-12-tahun-2025/lampiran-iii-perpres-nomor-12-tahun-2025.pdf,2025-02-10 00:00:00.000,
35,236,Pengampu Pencapaian Indikator Kegiatan Prioritas,KP 04.11.01 - Cakupan KF lengkap sesuai standar,persen,"26,8 (2023)",35,85,Kesehatan,KEMENTERIAN KESEHATAN,"kunjungan nifas, KF lengkap, layanan pasca lahir, ibu nifas, standar nifas",TRUE,"Program berjalan dan melampaui target, ditandai dengan capaian kinerja Cakupan KF lengkap sesuai standar sebesar 74,71% dari target 35% (capaian kinerja 213,46%) sebagaimana termuat dalam LAKIP Ditjen Kesprimkom Tahun 2025, sumber data Komdat Kesmas. Penerapan di level provinsi juga menunjukkan tren serupa yang mencatat capaian di atas baseline 2024.",2025-12-10 04:20:46.000,jdih.kemenkoinfra.go.id,https://jdih.kemenkoinfra.go.id/cfind/source/files/perpres/2025/perpres-nomor-12-tahun-2025/lampiran-iii-perpres-nomor-12-tahun-2025.pdf,2025-02-10 00:00:00.000,
36,243,Pengampu Pencapaian Indikator Kegiatan Prioritas,KP 04.11.02 - Persentase ibu hamil kurang energi kronis (KEK),persen,(indikator baru),15,10,Kesehatan,KEMENTERIAN KESEHATAN,"KEK hamil, kurang energi, gizi ibu, LILA rendah, risiko janin",TRUE,"Program berjalan, ditandai dengan capaian kinerja Persentase Ibu Hamil Kurang Energi Kronis (KEK) sebesar 9,7% dari target 15% (capaian kinerja 154,6%) sebagaimana termuat dalam LAKIP Ditjen Kesprimkom Tahun 2025, sumber data Sigizi Kesga. Meski demikian, disparitas antar provinsi masih tinggi, dengan 17 provinsi belum mencapai target tahun 2025.",2025-12-10 04:20:46.000,jdih.kemenkoinfra.go.id,https://jdih.kemenkoinfra.go.id/cfind/source/files/perpres/2025/perpres-nomor-12-tahun-2025/lampiran-iii-perpres-nomor-12-tahun-2025.pdf,2025-02-10 00:00:00.000,
37,250,Pengampu Pencapaian Indikator Kegiatan Prioritas,KP 04.11.03 - Persentase fasyankes melaksanakan pelayanan kesehatan penyakit akibat kerja,persen,(indikator baru),10,50,Kesehatan,KEMENTERIAN KESEHATAN,"penyakit akibat kerja, layanan fasyankes, kesehatan kerja, diagnosis PAK, occupational health",TRUE,"Program berjalan namun belum mencapai target, ditandai dengan capaian kinerja Persentase Fasyankes Melaksanakan Pelayanan Kesehatan Penyakit Akibat Kerja sebesar 1,8% dari target 10% (capaian kinerja 18%) sebagaimana termuat dalam Laporan Kinerja Direktorat Promkeskom Tahun 2025.",2025-12-10 04:20:46.000,jdih.kemenkoinfra.go.id,https://jdih.kemenkoinfra.go.id/cfind/source/files/perpres/2025/perpres-nomor-12-tahun-2025/lampiran-iii-perpres-nomor-12-tahun-2025.pdf,2025-02-10 00:00:00.000,
38,251,Pengampu Pencapaian Indikator Kegiatan Prioritas,KP 04.11.03 - Persentase lansia yang mendapatkan skrining kesehatan sesuai standar,persen,"47,22 (2022)",50,70,Kesehatan,KEMENTERIAN KESEHATAN,"skrining lansia, cek kesehatan lansia, standar skrining, deteksi dini, pelayanan lansia",TRUE,"Program berjalan, ditandai dengan capaian kinerja Persentase Lanjut Usia yang Mendapatkan Skrining Kesehatan Sesuai Standar sebesar 87,9% dari target 50% (capaian kinerja 175%) sebagaimana termuat dalam LAKIP Direktorat Pelayanan Kesehatan Kelompok Rentan Tahun 2025, sumber data Komdat Kesmas.",2025-12-10 04:20:46.000,jdih.kemenkoinfra.go.id,https://jdih.kemenkoinfra.go.id/cfind/source/files/perpres/2025/perpres-nomor-12-tahun-2025/lampiran-iii-perpres-nomor-12-tahun-2025.pdf,2025-02-10 00:00:00.000,
39,254,Pengampu Pencapaian Indikator Kegiatan Prioritas,"KP 04.11.03 - Persentase lanjut usia dengan ketergantungan sedang, berat, dan total mendapatkan perawatan jangka panjang (PJP)",persen,(indikator baru),10,50,Kesehatan,KEMENTERIAN KESEHATAN,"perawatan jangka panjang, PJP lansia, ketergantungan lansia, home care, long term care",TRUE,"Program berjalan dan jauh melampaui target, ditandai dengan capaian kinerja Persentase Lanjut Usia dengan Ketergantungan Sedang, Berat, dan Total Mendapatkan Perawatan Jangka Panjang (PJP) sebesar 61% dari target 10% (capaian kinerja 610%) sebagaimana termuat dalam LAKIP Direktorat Pelayanan Kesehatan Kelompok Rentan Tahun 2025.",2025-12-10 04:20:46.000,jdih.kemenkoinfra.go.id,https://jdih.kemenkoinfra.go.id/cfind/source/files/perpres/2025/perpres-nomor-12-tahun-2025/lampiran-iii-perpres-nomor-12-tahun-2025.pdf,2025-02-10 00:00:00.000,
40,261,Koordinator Pencapaian Indikator Program Prioritas,PP 04.03 - Persentase satuan pendidikan formal pesantren yang memperoleh hasil asesmen minimal jayyid,persen,(indikator baru),10,30,Pendidikan,KEMENTERIAN AGAMA,"asesmen jayyid, kualitas pesantren, mutu satuan pendidikan",TRUE,"Program berjalan, ditandai dengan terkonfirmasinya pelaksanaan asesmen terhadap satuan pendidikan formal pesantren beserta pelaporan hasilnya pada Tahun 2025, dengan realisasi 68,13% dari target nasional 10,00% sebagaimana tercantum dalam Laporan Kinerja Kementerian Agama Tahun 2025. Indikator ini merupakan bagian dari Sasaran Program pendidikan keagamaan yang berkualitas di bawah Prioritas Nasional Pendidikan Keagamaan yang Berkualitas. Capaian kinerja tercatat sebesar 681,30%, namun dalam laporan angka tersebut dibatasi menjadi 120% mengikuti ketentuan batas atas capaian kinerja. Rincian daftar satuan pendidikan formal pesantren yang memperoleh hasil asesmen minimal jayyid maupun sebarannya per wilayah belum dipublikasikan.",2025-12-10 04:20:46.000,jdih.kemenkoinfra.go.id,https://jdih.kemenkoinfra.go.id/cfind/source/files/perpres/2025/perpres-nomor-12-tahun-2025/lampiran-iii-perpres-nomor-12-tahun-2025.pdf,2025-02-10 00:00:00.000,
41,262,Koordinator Pencapaian Indikator Program Prioritas,PP 08.01 - Indeks Kerukunan Umat Beragama (IKUB),-,"76,47","76,77","78,25",Sosial,KEMENTERIAN AGAMA,"indeks kerukunan, kerukunan umat, keharmonisan sosial",TRUE,"Program berjalan, ditandai dengan terkonfirmasinya pelaksanaan pengukuran Indeks Kerukunan Umat Beragama secara nasional pada Tahun 2025 dengan realisasi 77,89 dari target 76,77 (capaian 101,46%) sebagaimana tercantum dalam Laporan Kinerja Kementerian Agama Tahun 2025. Pengukuran tersebut terkonfirmasi melalui publikasi resmi Kementerian Agama, yang menyatakan bahwa hasil diperoleh dari Survei Evaluasi Kerukunan Umat Beragama 2025 yang dilaksanakan bersama Pusat Pendidikan dan Pelayanan Masyarakat (P3M) Universitas Indonesia dan dirilis pada kegiatan Refleksi 2025 dan Proyeksi 2026 di Jakarta pada Desember 2025. Pengukuran menggunakan tiga dimensi utama, yaitu toleransi (88,82), kesetaraan (79,35), dan kebersamaan (65,49). Indikator ini berada di bawah Program Prioritas Penguatan Kerukunan Umat Beragama dan Layanan Keagamaan Transformatif, yang pada indikator lainnya yakni Indeks Layanan Keagamaan terealisasi 86,77 dari target 87,11 (capaian 99,61%).",2025-12-10 04:20:46.000,jdih.kemenkoinfra.go.id,https://jdih.kemenkoinfra.go.id/cfind/source/files/perpres/2025/perpres-nomor-12-tahun-2025/lampiran-iii-perpres-nomor-12-tahun-2025.pdf,2025-02-10 00:00:00.000,
42,273,Pengampu Pencapaian Indikator Kegiatan Prioritas,KP 04.07.03 - Persentase lulusan pelatihan vokasi setahun terakhir yang bekerja atau berwirausaha,persen,"41,86 (2023)",44,48,Pendidikan,KEMENTERIAN KETENAGAKERJAAN,"lulusan vokasi bekerja, vokasi wirausaha, penyerapan vokasi",TRUE,"Program berjalan, ditandai dengan terkonfirmasinya pengukuran dan pelaporan indikator lulusan pelatihan vokasi yang bekerja atau berwirausaha dalam waktu kurang dari 12 bulan sebagai salah satu komponen Indeks Pembangunan Ketenagakerjaan (IPK) Tahun 2025, dengan realisasi 43,46% dari target 44% (sekitar 98,77% dari target) sebagaimana tercantum dalam Laporan Kinerja Kementerian Ketenagakerjaan Tahun 2025. Indikator ini diberi bobot 20 dan menyumbang nilai indeks sebesar 18,11 terhadap capaian IPK Tahun 2025 yang terealisasi 74,23 dari target 70,14 (capaian 105,83%)",2025-12-10 04:20:46.000,jdih.kemenkoinfra.go.id,https://jdih.kemenkoinfra.go.id/cfind/source/files/perpres/2025/perpres-nomor-12-tahun-2025/lampiran-iii-perpres-nomor-12-tahun-2025.pdf,2025-02-10 00:00:00.000,
43,275,Pengampu Pencapaian Indikator Kegiatan Prioritas,KP 04.07.04 - Jumlah pekerja pada perusahaan yang menerapkan perlindungan hak-hak pekerja dan dialog sosial,orang,7.120.907 (2023),13.289.510,22.289.510,Industri,KEMENTERIAN KETENAGAKERJAAN,"perlindungan pekerja, dialog sosial, hak pekerja",TRUE,"Program berjalan, ditandai dengan terkonfirmasinya pelaksanaan pembinaan dan fasilitasi penerapan Peraturan Perusahaan (PP)/Perjanjian Kerja Bersama (PKB) beserta penguatan dialog sosial di tingkat perusahaan, dengan realisasi jumlah pekerja pada perusahaan yang menerapkan perlindungan hak-hak pekerja dan dialog sosial sebesar 13.482.449 orang dari target 13.289.510 orang (capaian 101,45%) sebagaimana dilaporkan dalam Laporan Kinerja Kementerian Ketenagakerjaan Tahun 2025. Capaian ini bertaut dengan indikator jumlah perusahaan yang memiliki PP/PKB yang juga terealisasi melampaui target, yaitu 51.031 perusahaan dari target 48.835 perusahaan.",2025-12-10 04:20:46.000,jdih.kemenkoinfra.go.id,https://jdih.kemenkoinfra.go.id/cfind/source/files/perpres/2025/perpres-nomor-12-tahun-2025/lampiran-iii-perpres-nomor-12-tahun-2025.pdf,2025-02-10 00:00:00.000,
44,287,Pengampu Pencapaian Indikator Kegiatan Prioritas,KP 06.03.02 - Jumlah penerima manfaat Kartu Usaha Afirmatif yang berusaha atau bekerja sebagai buruh/karyawan,jiwa/tahun,(indikator baru),1.000.000,3.000.000,Sosial,KEMENTERIAN SOSIAL,"usaha afirmatif, penerima manfaat, dukungan usaha",FALSE,"Program belum berjalan, ditandai dengan tidak ditemukannya bukti pelaksanaan pada 2025. Saat ini, masih berlangsungnya tahap perencanaan dan penyiapan implementasi hingga awal 2026. Rapat Tingkat Menteri yang dipimpin Menko Pemberdayaan Masyarakat pada 26 September 2025 masih membahas perencanaan Program Kartu Kesejahteraan dan Kartu Usaha Afirmatif sebagai bagian dari Program Hasil Terbaik Cepat, dengan Kemensos menegaskan basis data DTSEN dan Kementerian Koperasi dan UMKM menyiapkan platform SAPA UMKM. Pada 12 Februari 2026, BPKP masih melakukan kajian dan koordinasi lintas perangkat daerah untuk mendukung kesiapan implementasi Program Kartu Kesejahteraan dan Kartu Usaha Afirmatif di daerah. Kartu Usaha Afirmatif juga baru ditetapkan sebagai salah satu Proyek Strategis Nasional baru dalam RKP 2026. Tidak ditemukan publikasi resmi yang menunjukkan adanya penerima manfaat KUA pada 2025, sehingga target 1.000.000 jiwa tahun 2025 belum terverifikasi terlaksana.",2025-12-10 04:20:46.000,jdih.kemenkoinfra.go.id,https://jdih.kemenkoinfra.go.id/cfind/source/files/perpres/2025/perpres-nomor-12-tahun-2025/lampiran-iii-perpres-nomor-12-tahun-2025.pdf,2025-02-10 00:00:00.000,
45,289,Pengampu Pencapaian Indikator Kegiatan Prioritas,KP 02.06.03 - Indeks Operasi Armada Pengawasan Sumber Daya Kelautan dan Perikanan,nilai,91,92,96,Infrastruktur,KEMENTERIAN KELAUTAN DAN PERIKANAN,"operasi armada, pengawasan laut, patroli perikanan",TRUE,"Program berjalan, ditandai dengan terkonfirmasinya pelaksanaan operasi armada pengawasan sumber daya kelautan dan perikanan beserta pengukuran dan pelaporan indeks kinerjanya pada Tahun 2025, dengan realisasi sebesar 95,73 dari target Tahun 2025 sebesar 92 atau tercapai 104,05% sebagaimana tercantum dalam Laporan Kinerja Kementerian Kelautan dan Perikanan Tahun 2025. Indeks tersebut merupakan indeks komposit yang dihitung dari rata-rata tiga komponen operasi, yaitu indeks kinerja kapal pengawas sebesar 96,42, indeks kinerja speedboat pengawas sebesar 94,02, dan indeks kinerja pesawat patroli sebesar 96,76, sehingga capaian mencerminkan berjalannya operasi pengawasan pada ketiga moda armada sepanjang Tahun 2025. Laporan mencatat realisasi tersebut menurun 1,91 poin dibandingkan capaian tahun sebelumnya sebesar 97,64, dan bila dibandingkan dengan target Renstra Ditjen PSDKP Tahun 2025-2029 sebesar 96 maka tercapai 99,72%. Rincian jumlah hari operasi maupun sebaran wilayah operasi per armada tidak diuraikan dalam bagian capaian indikator.",2025-12-10 04:20:46.000,jdih.kemenkoinfra.go.id,https://jdih.kemenkoinfra.go.id/cfind/source/files/perpres/2025/perpres-nomor-12-tahun-2025/lampiran-iii-perpres-nomor-12-tahun-2025.pdf,2025-02-10 00:00:00.000,
46,304,Pengampu Pencapaian Indikator Kegiatan Prioritas,KP 02.22.01 - Proporsi tangkapan jenis ikan yang berada pada batas biologis yang aman,persen,≤80,≤80,≤80,Birokrasi,KEMENTERIAN KELAUTAN DAN PERIKANAN,"tangkapan aman, batas biologis, keberlanjutan ikan",TRUE,"Program berjalan, ditandai dengan capaian realisasi Tahun 2025 sebesar 61,19% (masih dalam batas aman, target ≤80%), sebagaimana dipublikasikan dalam Laporan Kinerja instansi pengampu indikator. Indikator ini juga tercantum sebagai target resmi dalam dokumen perencanaan kinerja Tahun 2025, dengan instrumen pengukuran berupa pelaporan logbook penangkapan ikan, pemantauan oleh observer di atas kapal, dan penghitungan alokasi kuota sumber daya ikan. Pelaksanaan di lapangan turut didukung kebijakan Penangkapan Ikan Terukur berbasis kuota.",2025-12-10 04:20:46.000,jdih.kemenkoinfra.go.id,https://jdih.kemenkoinfra.go.id/cfind/source/files/perpres/2025/perpres-nomor-12-tahun-2025/lampiran-iii-perpres-nomor-12-tahun-2025.pdf,2025-02-10 00:00:00.000,
47,309,Pengampu Pencapaian Indikator Kegiatan Prioritas,KP 02.22.03 - Volume produksi olahan perikanan,juta ton,"3,62 (2023)","3,71","4,37",Pangan,KEMENTERIAN KELAUTAN DAN PERIKANAN,"produksi olahan, industri perikanan, nilai olahan",TRUE,"Program berjalan dan capaiannya sudah dipublikasikan. Laporan Kinerja Tahun 2025 Direktorat Pengolahan, Ditjen PDSPKP (ditetapkan Januari 2026) mencantumkan Volume Produksi Olahan Perikanan sebagai indikator kinerja dengan target 3,71 juta ton dan realisasi prognosa 3,783 juta ton atau 101,89% dari target, serta menyebut capaian tersebut setara 86,49% terhadap target Renstra 2029 sebesar 4,37 juta ton.",2025-12-10 04:20:46.000,jdih.kemenkoinfra.go.id,https://jdih.kemenkoinfra.go.id/cfind/source/files/perpres/2025/perpres-nomor-12-tahun-2025/lampiran-iii-perpres-nomor-12-tahun-2025.pdf,2025-02-10 00:00:00.000,
48,319,Koordinator Pencapaian Indikator Prioritas Nasional,PN 04 - Rata - rata lama sekolah penduduk usia di atas 15 tahun,Tahun,"9,22","9,33","9,82",Pendidikan,KEMENTERIAN KOORDINATOR BIDANG PEMBANGUNAN MANUSIA DAN KEBUDAYAAN,"Rata Sekolah, Lama Pendidikan, Akses Belajar, Pendidikan Dewasa, Tingkat Edukasi",TRUE,"Program berjalan, ditandai dengan terkonfirmasinya pengukuran dan publikasi rata-rata lama sekolah penduduk umur 15 tahun ke atas oleh Badan Pusat Statistik, dengan angka nasional tercatat sebesar 9,41 tahun sebagaimana ditampilkan pada tabel statistik resmi BPS menurut provinsi. Angka tersebut setara dengan penduduk Indonesia rata-rata menempuh pendidikan hingga menamatkan jenjang SMP atau sederajat. Capaian ini juga disampaikan Kepala BPS dalam peluncuran Indeks Daya Saing Daerah (IDSD) 2025, yang sekaligus menyoroti ketimpangan antarwilayah, dengan DKI Jakarta tercatat tertinggi pada 11,58 tahun dan Papua Pegunungan terendah pada 4,76 tahun. Pengukuran dilakukan secara rutin dan tersedia dalam rincian per provinsi, sementara pembandingan terhadap target nasional tidak dicantumkan dalam tabel statistik tersebut.",2025-12-10 04:20:46.000,jdih.kemenkoinfra.go.id,https://jdih.kemenkoinfra.go.id/cfind/source/files/perpres/2025/perpres-nomor-12-tahun-2025/lampiran-iii-perpres-nomor-12-tahun-2025.pdf,2025-02-10 00:00:00.000,
49,324,Koordinator Pencapaian Indikator Program Prioritas,KP 03.03.02 - Proporsi kredit UMKM terhadap kredit perbankan,persen,"20,32","21,6","25,0",Industri,"KEMENTERIAN USAHA MIKRO, KECIL, DAN MENENGAH","Kredit UMKM, Kredit Perbankan, Akses Modal",TRUE,"Program berjalan, ditandai dengan penerbitan POJK Nomor 19 Tahun 2025 tentang Kemudahan Akses Pembiayaan kepada UMKM sebagai instrumen kebijakan pendukung. Data realisasi: menurut siaran pers OJK 10 Maret 2026 (Kepala Eksekutif Pengawas Perbankan OJK Dian Ediana Rae), penyaluran kredit UMKM per Januari 2026 tercatat Rp1.482,9 triliun atau sekitar 17,33 persen dari total penyaluran kredit/pembiayaan dan mengalami moderasi 0,53 persen (yoy). Angka 17,33 persen ini jauh di bawah target indikator 21,6 persen untuk 2025 dan menunjukkan tren menurun, sehingga program berjalan tetapi capaian indikator belum memenuhi target.",2025-12-10 04:20:46.000,jdih.kemenkoinfra.go.id,https://jdih.kemenkoinfra.go.id/cfind/source/files/perpres/2025/perpres-nomor-12-tahun-2025/lampiran-iii-perpres-nomor-12-tahun-2025.pdf,2025-02-10 00:00:00.000,
50,326,Koordinator Pencapaian Indikator Prioritas,PP 04.17 - Indeks Pemenuhan Hak Anak,Indeks,"65,58 (2023)","67,57","72,91",Sosial,KEMENTERIAN PEMBERDAYAAN PEREMPUAN DAN PERLINDUNGAN ANAK,"Hak Anak, Kesejahteraan Anak, Lingkungan Keluarga, Pemenuhan Hak, Perlindungan Anak",TRUE,"Program berjalan, ditandai dengan terselenggaranya siklus penuh evaluasi Kabupaten/Kota Layak Anak sepanjang 2025 mulai dari verifikasi lapangan hingga verifikasi final di seluruh provinsi, yang berpuncak pada penganugerahan penghargaan kepada ratusan daerah. Pada 8 Agustus 2025 KemenPPPA menganugerahkan Penghargaan Kabupaten/Kota Layak Anak 2025 kepada 355 kabupaten/kota (22 Utama, 69 Nindya, 125 Madya, 139 Pratama) dan Penghargaan Provinsi Layak Anak kepada 13 provinsi. Tahapan evaluasi pada 2025 mencakup verifikasi lapangan secara hibrida maupun kunjungan langsung serta verifikasi final yang diselenggarakan di 38 provinsi, dan KLA kini telah masuk dalam RPJMN 2025-2029. Nilai IPHA agregat nasional Tahun 2025 belum dipublikasikan; publikasi indeks nasional terakhir yang tersedia di laman KemenPPPA masih memuat capaian sampai Tahun 2023. Meski demikian, penghitungan dan publikasi IPHA untuk periode 2025 sudah mulai berjalan di tingkat daerah melalui portal data resmi pemerintah daerah, contohnya dataset Indeks Perlindungan Anak (mencakup IPHA) milik Dinas PPAPP Provinsi DKI Jakarta yang tayang di Satu Data Indonesia sejak Desember 2025, serta dataset Indeks Pemenuhan Hak Anak (IPHA) Tahun 2025 pada portal Open Data Kabupaten Kubu Raya.",2025-12-10 04:20:46.000,jdih.kemenkoinfra.go.id,https://jdih.kemenkoinfra.go.id/cfind/source/files/perpres/2025/perpres-nomor-12-tahun-2025/lampiran-iii-perpres-nomor-12-tahun-2025.pdf,2025-02-10 00:00:00.000,
51,335,Koordinator Pencapaian lndikator Sasaran Utama Pembangunan,GNI Per Kapita,USD,4.870 (2023),5410,8,Industri,KEMENTERIAN KOORDINATOR BIDANG PEREKONOMIAN,"Pendapatan Nasional, Pendapatan Warga, Daya Beli, Kesejahteraan Ekonomi, Pendapatan Bersih",TRUE,"Program berjalan, ditandai dengan indikator yang terpantau melalui rilis resmi BPS dan Bank Dunia, dengan capaian di bawah target 2025. BPS mencatat PDB Indonesia atas dasar harga berlaku tahun 2025 mencapai Rp23.821,1 triliun dengan PDB per kapita Rp83,7 juta atau USD 5.083,4, dan pertumbuhan ekonomi 5,11 persen. Dari sisi klasifikasi internasional, Bank Dunia menetapkan ambang upper middle income untuk tahun fiskal 2027 pada GNI per kapita USD 4.636 sampai USD 14.375 berdasarkan data 2025, dan Indonesia tetap berada pada kelompok upper middle income. Angka GNI per kapita metode Atlas tahun 2025 untuk Indonesia belum dipublikasikan pemerintah sebagai capaian indikator.",2025-12-10 04:20:46.000,jdih.kemenkoinfra.go.id,https://jdih.kemenkoinfra.go.id/cfind/source/files/perpres/2025/perpres-nomor-12-tahun-2025/lampiran-iii-perpres-nomor-12-tahun-2025.pdf,2026-07-03 09:27:03.911,
52,337,Koordinator Pencapaian Indikator Prioritas Nasional,PN 02 - Indeks Ketahanan Energi,Indeks,"6,64","6,77","6,95",Energi,KEMENTERIAN KOORDINATOR BIDANG PEREKONOMIAN,"Ketahanan Energi, Diversifikasi Energi, Pasokan Energi, Efisiensi Energi, Keamanan Energi",TRUE,"Program berjalan dan indikatornya sudah diukur serta dilaporkan resmi. Laporan Kinerja Kementerian ESDM 2025 mencatat realisasi Indeks Ketahanan Energi Nasional Tahun 2025 sebesar 70,40 dengan capaian 96,40 persen terhadap target Perjanjian Kinerja sebesar 73,03. Angka tersebut disajikan dalam skala 100 sebagai hasil transformasi formula baru, sehingga setara sekitar 7,04 pada skala 10 (mekanisme konversi yang sama digunakan pada Indeks Kemandirian Energi, di mana hasil perhitungan 6,72 skala 10 dikonversi menjadi 67,20 skala 100). Sebagai konteks baseline, Dewan Energi Nasional sebelumnya mencatat indeks ketahanan energi Indonesia pada skor 6,64 dan masuk kategori ""tahan"". Perlu dicatat, Renstra Kementerian ESDM 2025-2029 baru ditetapkan pada 30 Desember 2025 melalui Permen ESDM Nomor 20 Tahun 2025, sehingga Perjanjian Kinerja 2025 masih mengacu pada informasi kinerja Renstra periode sebelumnya, dan penetapan nilai final dilakukan Setjen DEN. Angka versi Kemenko Perekonomian sebagai KL pengampu PN 02 belum ditemukan publikasinya secara terpisah.",2025-12-10 04:20:46.000,jdih.kemenkoinfra.go.id,https://jdih.kemenkoinfra.go.id/cfind/source/files/perpres/2025/perpres-nomor-12-tahun-2025/lampiran-iii-perpres-nomor-12-tahun-2025.pdf,2025-02-10 00:00:00.000,
53,354,Pengampu Pencapaian Indikator Kegiatan Prioritas,KP 07.02.01 - Indeks Kualitas Peraturan Perundang-undangan,Indeks,"3,70","3,26","3,30",Birokrasi,KEMENTERIAN HUKUM,"Perundang-undangan, Kualitas Regulasi, Regulasi Baik, Tata Hukum, Indeks Regulasi",TRUE,"Program berjalan dan melampaui target, ditandai dengan capaian kinerja Indeks Kualitas Peraturan Perundang-undangan sebesar 3,78 dari target 3,25 (capaian 116,30%) sebagaimana dilaporkan dalam Laporan Kinerja (LKjIP) Kementerian Hukum Tahun 2025. Capaian ini didukung oleh optimalisasi tahapan pembentukan peraturan perundang-undangan, mulai dari perencanaan, penyusunan, pembahasan, hingga pengundangan, serta penguatan koordinasi dengan kementerian/lembaga terkait dalam proses harmonisasi regulasi.",2025-12-10 04:20:46.000,jdih.kemenkoinfra.go.id,https://jdih.kemenkoinfra.go.id/cfind/source/files/perpres/2025/perpres-nomor-12-tahun-2025/lampiran-iii-perpres-nomor-12-tahun-2025.pdf,2026-03-10 12:00:59.300,
54,356,Koordinator Pencapaian Indikator Program Prioritas,PP 03.01 - Jumlah perjalanan kereta api,juta perjalanan,"0,86","0,92","1,03",Infrastruktur,KEMENTERIAN PERHUBUNGAN,"perjalanan kereta, jadwal KA, frekuensi KA, layanan KAI, rute kereta",TRUE,"Program berjalan, ditandai dengan ditetapkan dan diberlakukannya Grafik Perjalanan Kereta Api (Gapeka) 2025 oleh DJKA per 1 Februari 2025, yang menambah jumlah perjalanan kereta api. Jumlah perjalanan KA penumpang antarkota naik sekitar 8% dibanding tahun sebelumnya, dari 226 menjadi 246 perjalanan per hari, disertai penambahan 28 perjalanan KA barang di Divre III Palembang dan Divre IV Tanjungkarang serta penambahan perjalanan Commuter Line di lintas dengan volume pengguna tinggi. Dampaknya terkonfirmasi pada sisi layanan: Menteri Perhubungan menyebut jumlah pengguna kereta api naik dari 500,5 juta penumpang pada 2024 menjadi hampir 550 juta pada 2025, sementara DJKA melaporkan ketersediaan angkutan umum perkotaan berbasis rel mencapai 2,82 juta penumpang per hari. Angka agregat nasional dalam satuan juta perjalanan untuk Tahun 2025 belum dipublikasikan.",2025-12-10 04:20:46.000,jdih.kemenkoinfra.go.id,https://jdih.kemenkoinfra.go.id/cfind/source/files/perpres/2025/perpres-nomor-12-tahun-2025/lampiran-iii-perpres-nomor-12-tahun-2025.pdf,2025-02-10 00:00:00.000,
55,361,Pengampu Pencapaian Indikator Kegiatan Prioritas,KP 02.04.02 - Cakupan deteksi dini Intelijen,persen,100,100,100,Pertahanan,BADAN INTELIJEN NEGARA,"deteksi dini, intelijen, keamanan, early warning, monitoring",TRUE,"Program tetap berjalan, ditandai dengan aktivitas deteksi dini yang dikonfirmasi langsung oleh pejabat BIN, termasuk pengakuan bahwa potensi kerusuhan dalam aksi unjuk rasa Agustus 2025 sudah terdeteksi lebih dulu, serta penguatan sistem peringatan dini lintas sektor lewat kerja sama resmi dengan kementerian/lembaga lain sepanjang Tahun 2025. Namun karena sifat kelembagaan BIN yang tertutup, tidak ditemukan publikasi resmi di domain bin.go.id yang memuat angka atau laporan capaian cakupan deteksi dini untuk Tahun 2025, jadi bukti yang ada sifatnya pernyataan pejabat/rilis lembaga mitra, bukan laporan statistik BIN sendiri.",2025-12-10 04:20:46.000,jdih.kemenkoinfra.go.id,https://jdih.kemenkoinfra.go.id/cfind/source/files/perpres/2025/perpres-nomor-12-tahun-2025/lampiran-iii-perpres-nomor-12-tahun-2025.pdf,2026-07-03 09:27:03.911,
56,362,Pengampu Pencapaian Indikator Kegiatan Prioritas,"KP 02.09.06 - Persentase penyempurnaan standar, kebijakan, dan peraturan perundang-undangan yang mendukung percepatan keanggotaan Indonesia ke OECD (2025 - 2029)",Persen,(indikator baru),20,100,Birokrasi,KEMENTERIAN KOORDINATOR BIDANG PEREKONOMIAN,"Harmonisasi Regulasi, Penyesuaian Kebijakan, Reformasi Hukum, Kepatuhan OECD, Standar Global",TRUE,"Program berjalan, ditandai dengan tercapainya tahapan konkret proses aksesi sepanjang 2025 yang substansinya memang berisi asesmen dan penyelarasan regulasi nasional terhadap instrumen hukum OECD. Initial Memorandum diserahkan kepada Sekjen OECD pada 3 Juni 2025, terdiri dari 32 bab yang mencakup asesmen regulasi, standar, dan praktik nasional terhadap 240 instrumen hukum OECD di 25 bidang kebijakan. Proses kemudian masuk tahap Technical Review, dengan koordinasi lewat Tim Nasional Aksesi OECD yang dibentuk melalui Keppres 30/2025 jo. Keppres 17/2024, dan rapat koordinasi lintas kementerian terus digelar hingga akhir 2025. Angka persentase capaiannya untuk 2025 belum dipublikasikan secara eksplisit.",2025-12-10 04:20:46.000,jdih.kemenkoinfra.go.id,https://jdih.kemenkoinfra.go.id/cfind/source/files/perpres/2025/perpres-nomor-12-tahun-2025/lampiran-iii-perpres-nomor-12-tahun-2025.pdf,2026-07-03 09:27:03.911,
57,366,Pengampu Pencapaian Indikator Kegiatan Prioritas,KP 05.02.03 - Nilai PMA dan PMA di KEK Galang Batang,Triliun Rupiah,"2,40","13,80","13,20",Industri,KEMENTERIAN KOORDINATOR BIDANG PEREKONOMIAN,"Investasi Asing, Investasi Domestik, KEK Galang, Investasi Sektor, Aktivitas Industri",TRUE,"Program berjalan, ditandai dengan capaian investasi yang dilaporkan melampaui target 2025. Kepala Administrator KEK Galang Batang Vita Budhi Sulistyo menyatakan investasi di kawasan tersebut sepanjang 2025 mencapai sekitar Rp15,6 triliun dan menjadi penyumbang investasi terbesar di wilayah Bintan, dengan tambahan sekitar Rp4,08 triliun pada triwulan I 2026 serta penyerapan lebih dari 5.000 tenaga kerja. Data lain dari Administrator KEK menyebut realisasi investasi kumulatif mencapai Rp34 triliun dengan proyeksi Rp36,25 triliun pada 2027 dari 26 pelaku usaha, sehingga perlu dicermati apakah angka yang dipakai bersifat tahunan atau kumulatif.",2025-12-10 04:20:46.000,jdih.kemenkoinfra.go.id,https://jdih.kemenkoinfra.go.id/cfind/source/files/perpres/2025/perpres-nomor-12-tahun-2025/lampiran-iii-perpres-nomor-12-tahun-2025.pdf,2025-02-10 00:00:00.000,
58,376,Koordinator Pencapaian Indikator Program Prioritas,PP 02.17 - Indeks Daya Dukung dan Daya Tampung Lingkungan Hidup,Indeks,564,567,576,Sosial,KEMENTERIAN LINGKUNGAN HIDUP/BADAN PENGENDALIAN LINGKUNGAN HIDUP,"daya dukung, daya tampung, lingkungan hidup, ekologi, keberlanjutan",TRUE,"Program berjalan, ditandai dengan ditetapkannya kebijakan nasional D3TLH melalui keputusan menteri pada 2025 dan sudah adanya penetapan kebijakan D3TLH di tingkat provinsi. Pada 23 Juni 2025, KLH/BPLH resmi menetapkan kebijakan nasional mengenai batas kemampuan alam Indonesia dalam menopang pembangunan melalui Surat Keputusan Menteri Lingkungan Hidup/Kepala BPLH Nomor 916 Tahun 2025, dan sebanyak 12 provinsi telah menetapkan kebijakan D3TLH masing-masing, di antaranya Jawa Barat, DI Yogyakarta, Maluku, Kalimantan Timur, dan Gorontalo. KLH juga menerbitkan Statistik Lingkungan Hidup Volume I Tahun 2025 sebagai publikasi statistik tahunan resmi. Nilai indeks realisasi 2025 belum ditemukan dipublikasikan terpisah.",2025-12-10 04:20:46.000,jdih.kemenkoinfra.go.id,https://jdih.kemenkoinfra.go.id/cfind/source/files/perpres/2025/perpres-nomor-12-tahun-2025/lampiran-iii-perpres-nomor-12-tahun-2025.pdf,2025-02-10 00:00:00.000,
59,378,Koordinator Pencapaian Indikator Program Prioritas,"PP 08.03 - Persentase penurunan potensi kerugian ekonomi akibat perubahan iklim terhadap PDB (%) pada empat sektor prioritas(kelautan dan pesisir, air, pertanian dan kesehatan",persen,"0,995 (2023)",135,646,Industri,KEMENTERIAN LINGKUNGAN HIDUP/BADAN PENGENDALIAN LINGKUNGAN HIDUP,"perubahan iklim, kerugian ekonomi, mitigasi iklim, indeks risiko, adaptasi",TRUE,"Program berjalan, ditandai dengan beroperasinya unit pengampu adaptasi iklim di KLH/BPLH sepanjang Tahun 2025 beserta pelaporan kinerjanya. KLH/BPLH menerbitkan Laporan Kinerja Tahun 2025 untuk unit Eselon II pada Januari 2026, termasuk Direktorat Adaptasi Perubahan Iklim di bawah Deputi Bidang Pengendalian Perubahan Iklim dan Tata Kelola Nilai Ekonomi Karbon. Pelaksanaan di tingkat tapak juga terdokumentasi melalui Program Kampung Iklim Tahun 2025, dengan 1.327 lokasi terdaftar pada Sistem Registri Nasional Pengendalian Perubahan Iklim yang tersebar di 33 provinsi, 163 kabupaten, dan 59 kota, dan Menteri LH mengaitkannya dengan penguatan ketahanan sektor air, pangan, energi, kesehatan, ekosistem, dan penanggulangan bencana sejalan dengan mandat NDC dan Peraturan Presiden Nomor 110 Tahun 2025. ProKlim di sini berfungsi sebagai indikasi program berjalan, bukan sebagai pengukuran indikator.",2025-12-10 04:20:46.000,jdih.kemenkoinfra.go.id,https://jdih.kemenkoinfra.go.id/cfind/source/files/perpres/2025/perpres-nomor-12-tahun-2025/lampiran-iii-perpres-nomor-12-tahun-2025.pdf,2026-07-03 09:27:03.911,
60,379,Koordinator Pencapaian Indikator Program Prioritas,PP 07.04 - Persentase peningkatan pengendalian perkara,persen,(indikator baru),61,69,Birokrasi,KEJAKSAAN REPUBLIK INDONESIA,"pengendalian perkara, manajemen kasus, kinerja kejaksaan, penanganan perkara, efektivitas hukum",TRUE,"Program berjalan dan sudah ada angka capaiannya, ditandai dengan dilaporkannya indikator ini dalam dokumen kinerja resmi Kejaksaan Tahun 2025. Dalam laporan kinerja yang memuat capaian Kejaksaan RI, indikator Persentase peningkatan pengendalian perkara tercatat terealisasi 83,75 persen dari target Perjanjian Kinerja 2025 sebesar 70 persen, jauh di atas target RPJMN 2025 sebesar 61 persen. Dokumen perencanaan Kejaksaan juga secara eksplisit menurunkan Kegiatan Pembangunan RPJMN berupa Penguatan Kelembagaan dan Fungsi Penuntut Umum sebagai Pengendali Perkara ke dalam tiga proyek priorita",2025-12-10 04:20:46.000,jdih.kemenkoinfra.go.id,https://jdih.kemenkoinfra.go.id/cfind/source/files/perpres/2025/perpres-nomor-12-tahun-2025/lampiran-iii-perpres-nomor-12-tahun-2025.pdf,2025-02-10 00:00:00.000,
61,381,Koordinator Pencapaian Indikator Program Prioritas,PP 04.17 - Persentase anak berusia 0-4 tahun yang memiliki akta kelahiran,persen,94.03,96,99.8,Sosial,KEMENTERIAN DALAM NEGERI,"akta kelahiran, identitas anak, dukcapil layanan, perlindungan anak, administrasi kependudukan",TRUE,"Program berjalan, ditandai dengan pemaparan capaian kinerja Ditjen Dukcapil untuk tahun anggaran 2025 dalam forum resmi kementerian. Dalam Rakornas Dukcapil 2026 di Jakarta pada 3 Agustus 2026, Dirjen Dukcapil memaparkan bahwa kepemilikan akta kelahiran anak usia 0-4 tahun mencapai 96,02 persen, sedikit di atas target 2025 sebesar 96. Sepanjang 2025, Dukcapil menerbitkan 7,1 juta akta kelahiran, dengan realisasi anggaran 99,42 persen dari pagu Rp1,195 triliun, dan layanan jemput bola melalui GISA, pelayanan tanggap bencana, serta layanan bagi penyandang disabilitas terus diperluas.",2025-12-10 04:20:46.000,jdih.kemenkoinfra.go.id,https://jdih.kemenkoinfra.go.id/cfind/source/files/perpres/2025/perpres-nomor-12-tahun-2025/lampiran-iii-perpres-nomor-12-tahun-2025.pdf,2025-02-10 00:00:00.000,
62,384,Koordinator Pencapaian Indikator Program Prioritas,PP 07.09 - Indeks Penerapan Standar Pelayanan Minimal (SPM),Indeks,83.75 (Persentase capaian penerapan SPM di daerah tahun 2023),88,92,Birokrasi,KEMENTERIAN DALAM NEGERI,"SPM daerah, standar layanan, pelayanan publik, kepatuhan daerah, kinerja pemda",TRUE,"Program berjalan, ditandai dengan tercatatnya peningkatan capaian Indeks Penerapan Standar Pelayanan Minimal (IP-SPM) secara nasional, yang mencapai rata-rata 68,76% (kategori ""Tuntas Muda"") hingga Triwulan III Tahun 2025, sebagaimana disampaikan Direktur Jenderal Bina Pembangunan Daerah Kementerian Dalam Negeri dalam rangkaian Rapat Koordinasi Nasional Capaian dan Pelaporan SPM Tahun 2025 di beberapa wilayah. Hingga periode tersebut, sebagian besar daerah (470 dari 547 daerah, atau 85,9%) telah melaporkan pelaksanaan SPM melalui aplikasi e-SPM, dan pemerintah pusat turut mendorong keberlanjutan program melalui pemberian penghargaan (SPM Awards) bagi daerah berkinerja terbaik. Angka capaian resmi akhir tahun 2025 (LKjIP) belum dipublikasikan, sehingga belum dapat dipastikan apakah target tahun 2025 sebesar 88 telah tercapai secara penuh.",2025-12-10 04:20:46.000,jdih.kemenkoinfra.go.id,https://jdih.kemenkoinfra.go.id/cfind/source/files/perpres/2025/perpres-nomor-12-tahun-2025/lampiran-iii-perpres-nomor-12-tahun-2025.pdf,2025-02-10 00:00:00.000,
63,390,Koordinator Pencapaian Indikator Program Prioritas,PP 07.16 - Persentase penyelesaian kasus WNI di luar negeri,persen,85,87,89,Sosial,KEMENTERIAN LUAR NEGERI,"kasus WNI, perlindungan hukum, bantuan konsuler, penyelesaian kasus, pelayanan KBRI",TRUE,"Program berjalan, ditandai dengan terkonfirmasinya penanganan dan penyelesaian kasus WNI secara nyata sepanjang Tahun 2025. Pemerintah memulangkan 554 WNI korban TPPO penipuan daring dari wilayah konflik Myawaddy, Myanmar, dalam dua tahap pada 18 dan 19 Maret 2025, dengan Tim Pelindungan WNI Kemlu bersama KBRI Bangkok dan Yangon serta Hubinter Polri melakukan identifikasi dan pengawalan sejak dari Myawaddy hingga tiba di tanah air, termasuk proses National Referral Mechanism untuk identifikasi korban TPPO. Penanganan serupa berlanjut di Kamboja, di mana KBRI Phnom Penh mendampingi ratusan WNI yang terkait sindikat penipuan daring pada Oktober 2025. Renstra Direktorat Pelindungan WNI juga mencatat realisasi berjalan, antara lain pemulangan 264 deportan kelompok rentan dari Malaysia pada gelombang pertama Agustus 2025 dan 58.641 lapor diri terverifikasi melalui Portal Peduli WNI pada Januari sampai Juli 2025. Secara agregat, Menlu Sugiono menyampaikan dalam PPTM 2026 pada 14 Januari 2026 bahwa sepanjang 2025 Indonesia memulangkan 27.768 WNI dari berbagai situasi krisis. Angka persentase penyelesaian kasus Tahun 2025 sendiri belum ditemukan dipublikasikan; target 2025 sebesar 87 persen dan metode penghitungannya (gabungan kasus khusus berbobot 0,55 dan kasus umum berbobot 0,45, bersumber dari Portal Peduli WNI) tercantum dalam dokumen kinerja Dit. PWNI.",2025-12-10 04:20:46.000,jdih.kemenkoinfra.go.id,https://jdih.kemenkoinfra.go.id/cfind/source/files/perpres/2025/perpres-nomor-12-tahun-2025/lampiran-iii-perpres-nomor-12-tahun-2025.pdf,2025-02-10 00:00:00.000,
64,396,Pengampu Pencapaian Indikator Kegiatan Prioritas,KP 04.17.01 - Persentase anak usia 13-17 tahun yang beranggapan mendapatkan dukungan keluarga,Persen,"77,89","78,03","78,57",Sosial,KEMENTERIAN PEMBERDAYAAN PEREMPUAN DAN PERLINDUNGAN ANAK,"Dukungan Keluarga, Relasi Keluarga, Kesejahteraan Anak, Lingkungan Positif, Ketahanan Keluarga",TRUE,"Program berjalan, ditandai dengan terkonfirmasinya pelaksanaan penguatan layanan berbasis keluarga melalui PUSPAGA dan pengembangan Ruang Bersama Indonesia sepanjang 2025 di berbagai daerah. Bimbingan Teknis Dukungan Kesehatan Mental dan Psikososial yang merupakan rangkaian Child Women Protection Management Program (CWPMP) Tahun 2025 dilaksanakan pada 18 Februari 2025 untuk memperkuat kapasitas tenaga layanan PUSPAGA dalam pengasuhan dan dukungan kepada anak dan keluarga. Ruang Bersama Indonesia sebagai program prioritas KemenPPPA telah diimplementasikan di tujuh titik yang mewakili lima zona di Indonesia, dengan target 138 desa/kelurahan ramah perempuan dan anak bertransformasi menjadi RBI, dan peresmian RBI juga dilakukan di daerah lain sepanjang 2025, contohnya di Balikpapan pada 30 Agustus 2025. Realisasi indikator 2025 belum tersedia karena angkanya bersumber dari SNPHAR yang bersifat periodik, dengan gelombang terakhir dilaksanakan 2024.",2025-12-10 04:20:46.000,jdih.kemenkoinfra.go.id,https://jdih.kemenkoinfra.go.id/cfind/source/files/perpres/2025/perpres-nomor-12-tahun-2025/lampiran-iii-perpres-nomor-12-tahun-2025.pdf,2026-07-03 09:27:03.911,
65,397,Pengampu Pencapaian Indikator Kegiatan Prioritas,KP 04.17.01 - Proporsi anak usia 13 - 17 tahun yang mengalami masalah kesehatan jiwa selama 30 hari terakhir,Persen,"7,28","7,06","6,16",Sosial,KEMENTERIAN PEMBERDAYAAN PEREMPUAN DAN PERLINDUNGAN ANAK,"Kesehatan Jiwa, Gangguan Emosi, Kesehatan Remaja, Dukungan Psikologis, Risiko Mental",TRUE,"Program berjalan, ditandai dengan terselenggaranya kegiatan penguatan kapasitas tenaga layanan daerah di bidang dukungan kesehatan mental dan psikososial anak pada 2025 serta berlanjutnya kampanye deteksi dini kesehatan mental anak oleh KemenPPPA. Bimtek Dukungan Kesehatan Mental dan Psikososial sebagai rangkaian CWPMP Tahun 2025 diikuti tenaga layanan PUSPAGA, dengan penekanan pada pemahaman dukungan kesehatan mental, teknik konseling efektif, serta identifikasi dan penanganan masalah psikososial. KemenPPPA juga aktif mendorong kemampuan deteksi dini kesehatan mental anak oleh orang tua, keluarga terdekat, dan guru, termasuk mengenali perubahan perilaku seperti penurunan motivasi belajar, penarikan diri secara sosial, dan tekanan psikologis akibat kekerasan atau perundungan.",2025-12-10 04:20:46.000,jdih.kemenkoinfra.go.id,https://jdih.kemenkoinfra.go.id/cfind/source/files/perpres/2025/perpres-nomor-12-tahun-2025/lampiran-iii-perpres-nomor-12-tahun-2025.pdf,2026-07-03 09:27:03.911,
66,417,Pengampu Pencapaian Indikator Kegiatan Prioritas,KP 04.17.02 - Prevalensi anak usia 13-17 tahun yang mengalami kekerasan seksual kontak dalam 12 bulan terakhir,Persen,"Laki-laki: 1,83;
Perempuan: 2,67","Laki-laki: 1,42;
Perempuan:2,25","Laki-laki:1,13;
Perempuan: 1,46",Sosial,KEMENTERIAN PEMBERDAYAAN PEREMPUAN DAN PERLINDUNGAN ANAK,"Kekerasan Kontak, Kekerasan Seksual, Kekerasan Remaja, Perlindungan Seksual, Risiko Kekerasan",TRUE,"Program berjalan, ditandai dengan tersedianya baseline resmi dari survei nasional dan terkonfirmasinya pelaksanaan program pencegahan serta layanan penanganan kekerasan terhadap anak sepanjang 2025. Hasil SPHPN dan SNPHAR 2024 ditetapkan sebagai data baseline untuk RPJMN 2025-2029, dan kedua survei tersebut dirilis KemenPPPA pada 8 Oktober 2024 bekerja sama dengan BPS, Lembaga Demografi UI, dan Politeknik Kesejahteraan Sosial Bandung. Sepanjang 2025 layanan dan program pencegahan berjalan, antara lain pembentukan UPTD PPA yang hingga Oktober 2025 telah mencapai 389 dari 552 daerah atau setara 73 persen, serta kegiatan pencegahan berbasis sekolah seperti Boys Training and Capacity Building yang diikuti pelajar dari 12 SMA dan SMK.",2025-12-10 04:20:46.000,jdih.kemenkoinfra.go.id,https://jdih.kemenkoinfra.go.id/cfind/source/files/perpres/2025/perpres-nomor-12-tahun-2025/lampiran-iii-perpres-nomor-12-tahun-2025.pdf,2025-02-10 00:00:00.000,
67,420,Pengampu Pencapaian Indikator Kegiatan Prioritas,KP 04.19.01 - Proporsi perempuan pernah kawin umur 15-49 tahun yang saat melahirkan anak lahir hidup pertama berumur kurang dari 20 tahun,Persen,"0,258 (2023)",255,248,Sosial,KEMENTERIAN PEMBERDAYAAN PEREMPUAN DAN PERLINDUNGAN ANAK,"Melahirkan Dini, Usia Subur, Risiko Kehamilan, Kesehatan Ibu, Reproduksi Perempuan",TRUE,"Program berjalan, ditandai dengan berlanjutnya pelaksanaan Strategi Nasional Pencegahan Perkawinan Anak dan terdokumentasinya intervensi di sejumlah daerah sepanjang 2025. KemenPPPA mencatat praktik baik pencegahan perkawinan anak di enam wilayah pada tahun 2025, yaitu Kota Palu, Jakarta Utara, Kabupaten Garut, Cirebon, Sigi, dan Lombok Timur, dan mendiseminasikannya pada 26 November 2025. Pada kesempatan yang sama disampaikan bahwa berdasarkan data BPS 2025, angka perkawinan anak turun dari 6,92 persen pada 2023 menjadi 5,90 persen pada 2024, meski empat provinsi justru mengalami kenaikan. KemenPPPA juga memperkuat sinergi dengan Badan Peradilan Agama Mahkamah Agung melalui Nota Kesepahaman tentang Perlindungan Perempuan dan Anak dalam Penanganan Perkara Dispensasi Kawin dan Perceraian.",2025-12-10 04:20:46.000,jdih.kemenkoinfra.go.id,https://jdih.kemenkoinfra.go.id/cfind/source/files/perpres/2025/perpres-nomor-12-tahun-2025/lampiran-iii-perpres-nomor-12-tahun-2025.pdf,2025-02-10 00:00:00.000,
68,423,Pengampu Pencapaian Indikator Kegiatan Prioritas,KP 04.19.02 - Persentase perempuan di posisi managerial,Persen,"35,02","38,68","44,88",Sosial,KEMENTERIAN PEMBERDAYAAN PEREMPUAN DAN PERLINDUNGAN ANAK,"Posisi Manajerial, Kepemimpinan Gender, Karier Perempuan, Pemberdayaan Gender, Partisipasi Kerja",TRUE,"Program berjalan, ditandai dengan tersedianya data resmi BPS untuk indikator ini hingga tahun 2025. Berdasarkan Tabel Proporsi Perempuan yang Berada di Posisi Managerial Menurut Provinsi (BPS), realisasi nasional pada 2025 tercatat sebesar 36,68 persen.",2025-12-10 04:20:46.000,jdih.kemenkoinfra.go.id,https://jdih.kemenkoinfra.go.id/cfind/source/files/perpres/2025/perpres-nomor-12-tahun-2025/lampiran-iii-perpres-nomor-12-tahun-2025.pdf,2025-02-10 00:00:00.000,
69,428,Pengampu Pencapaian Indikator Kegiatan Prioritas,KP 04.19.04 - Rasio kewirausahaan perempuan,Persen,"1,70 (2023)","1,79","2,21",Sosial,KEMENTERIAN PEMBERDAYAAN PEREMPUAN DAN PERLINDUNGAN ANAK,"Wirausaha Perempuan, Ekonomi Kreatif, Akses Modal, Kemandirian Usaha, Inovasi Perempuan",TRUE,"Program berjalan, ditandai dengan terkonfirmasinya pelaksanaan program pemberdayaan ekonomi dan kewirausahaan perempuan oleh KemenPPPA bersama kementerian lain dan mitra sepanjang 2025. KemenPPPA menjalankan Strategi Nasional Keuangan Inklusi Perempuan (SNKI-P), membentuk Koalisi Inklusi Keuangan Digital Perempuan, serta menyelenggarakan program pelatihan kewirausahaan, penguatan kapasitas usaha, dan mentoring bisnis bagi perempuan pelaku UMKM di berbagai daerah. Pada 28 Oktober 2025, Kemenko Pemberdayaan Masyarakat bersama KemenPPPA menegaskan komitmen memperkuat kolaborasi pemberdayaan ekonomi perempuan di desa melalui pengembangan UMKM. Nilai rasio kewirausahaan perempuan tahun 2025 belum ditemukan dipublikasikan secara terpisah.",2025-12-10 04:20:46.000,jdih.kemenkoinfra.go.id,https://jdih.kemenkoinfra.go.id/cfind/source/files/perpres/2025/perpres-nomor-12-tahun-2025/lampiran-iii-perpres-nomor-12-tahun-2025.pdf,2025-02-10 00:00:00.000,
70,430,Pengampu Pencapaian Indikator Kegiatan Prioritas,"KP 04.19.04 - Proporsi perempuan dewasa dan anak perempuan (umur 15-64 tahun) mengalami kekerasan (fisik,seksual,atau emosional) oleh pasangan atau mantan pasangan dalam 12 bulan terakhir",Persen,"5,7","5,54","5,23",Sosial,KEMENTERIAN PEMBERDAYAAN PEREMPUAN DAN PERLINDUNGAN ANAK,"Kekerasan Pasangan, KDRT Perempuan, Kekerasan Emosional, Keamanan Rumah Tangga, Layanan Korban",TRUE,"Program berjalan, ditandai dengan terkonfirmasinya penanganan kasus dan kampanye pencegahan kekerasan terhadap perempuan yang berlangsung sepanjang Tahun 2025. Dalam keterangan pers 28 Oktober 2025, Menteri PPPA menyampaikan pihaknya menangani 25.627 kasus kekerasan dengan 27.325 korban selama satu tahun terakhir yang tercatat melalui SIMFONI PPA, mulai dari penjangkauan hingga pemulihan. Data SIMFONI PPA yang dikutip Pusiknas Bareskrim Polri pada periode yang sama menunjukkan mayoritas kasus, yaitu 14.795 kasus dengan 15.657 korban, terjadi di lingkungan rumah tangga, ranah yang menjadi sasaran indikator ini. Kanal layanan juga aktif: dalam Media Talk KemenPPPA 15 November 2025 dilaporkan penanganan kasus melalui SAPA 129 sepanjang Januari sampai Oktober 2025, dengan sebagian besar laporan masuk lewat kanal WhatsApp, disertai kampanye ""Berani Lapor, Negara Lindungi"". Pada 27 November 2025, KemenPPPA bersama Komnas Perempuan dan Dinas PPAPP DKI Jakarta menggelar kampanye 16 Hari Anti Kekerasan terhadap Perempuan di Pulau Tidung, Kepulauan Seribu, sebagai bagian dari rangkaian 16 HAKtP 25 November sampai 10 Desember 2025. Perluasan infrastruktur layanan juga berjalan, dengan pembentukan UPTD PPA mencapai 389 dari 552 daerah atau 73 persen per Oktober 2025.",2025-12-10 04:20:46.000,jdih.kemenkoinfra.go.id,https://jdih.kemenkoinfra.go.id/cfind/source/files/perpres/2025/perpres-nomor-12-tahun-2025/lampiran-iii-perpres-nomor-12-tahun-2025.pdf,2025-02-10 00:00:00.000,
71,433,Pengampu Pencapaian Indikator Kegiatan Prioritas,KP 04.19.04 - Prevalensi Perempuan yang mengalami P2GP,Persen,"46,3","43,86","34,09",Sosial,KEMENTERIAN PEMBERDAYAAN PEREMPUAN DAN PERLINDUNGAN ANAK,"Perkawinan Anak, Perlindungan Perempuan, Pencegahan Praktik, Risiko Gender, Kesadaran Sosial",TRUE,"Program berjalan, ditandai dengan terkonfirmasinya kegiatan pencegahan P2GP oleh KemenPPPA bersama mitra pembangunan pada 2025, khususnya melalui penguatan layanan PUSPAGA. Melalui Diskusi Survey Capacity Assessment PUSPAGA untuk Penyusunan Pedoman Teknis Layanan PUSPAGA untuk P2GP yang digelar pada Juni 2025, KemenPPPA bersama UNICEF membahas penyusunan modul edukasi untuk memperkuat peran PUSPAGA dalam pencegahan P2GP, diikuti sekitar 100 peserta secara hibrida dari kementerian/lembaga, organisasi profesi, tokoh agama, lembaga masyarakat, dan pengelola PUSPAGA berbagai daerah. Indikator terkait sunat perempuan juga sudah masuk dalam RPJMN 2025-2029 sehingga akan diturunkan ke dalam rencana strategis kementerian. Angka prevalensi 2025 belum ditemukan dipublikasikan.",2025-12-10 04:20:46.000,jdih.kemenkoinfra.go.id,https://jdih.kemenkoinfra.go.id/cfind/source/files/perpres/2025/perpres-nomor-12-tahun-2025/lampiran-iii-perpres-nomor-12-tahun-2025.pdf,2025-02-10 00:00:00.000,
72,436,Pengampu Pencapaian Indikator Kegiatan Prioritas,KP 07.08.02 - Persentase instansi pemerintah (provinsi) dengan nilai akuntabilitas kinerja baik (kategori “B” ke atas),persen,100,100,100,Birokrasi,KEMENTERIAN PENDAYAGUNAAN APARATUR NEGARA DAN REFORMASI BIROKRASI,"SAKIP Provinsi, Akuntabilitas Baik, Evaluasi Kinerja, Pemerintahan Daerah, Efektivitas Program",TRUE,"Program berjalan dan angkanya sudah dipublikasikan, ditandai dengan tuntasnya evaluasi SAKIP Tahun 2025 dan penyerahan hasilnya. Evaluasi 2025 dilakukan terhadap 94 kementerian/lembaga, 38 pemerintah provinsi, dan 507 pemerintah kabupaten/kota, dengan hasil 98,95 persen K/L, 92,11 persen provinsi, dan 88,39 persen kabupaten/kota telah mengimplementasikan SAKIP dengan predikat minimal baik. Rata-rata nilai SAKIP pemerintah provinsi tercatat 69,05. Untuk provinsi, capaian 92,11 persen ini masih di bawah target RPJMN 2025 sebesar 100 persen.",2025-12-10 04:20:46.000,jdih.kemenkoinfra.go.id,https://jdih.kemenkoinfra.go.id/cfind/source/files/perpres/2025/perpres-nomor-12-tahun-2025/lampiran-iii-perpres-nomor-12-tahun-2025.pdf,2025-02-10 00:00:00.000,
73,437,Pengampu Pencapaian Indikator Kegiatan Prioritas,KP 04.19.04 - Jumlah premepuan korban kekerasan (termasuk TPPO) yang dilaporkan melalui SIMFONI PPA,Persen,26.161 (2023),28.777-30.085,42.133-44.048,Sosial,KEMENTERIAN PEMBERDAYAAN PEREMPUAN DAN PERLINDUNGAN ANAK,"Data Kekerasan, Sistem SIMFONI, Pelaporan Kasus, Pemantauan Korban, TPPO Nasional",TRUE,"Program berjalan dan sistem pencatatannya aktif sepanjang 2025, ditandai dengan terpublikasinya data SIMFONI PPA tahun 2025 oleh KemenPPPA serta peluncuran versi terbaru sistem tersebut. Berdasarkan data SIMFONI PPA pada 2025 tercatat 35.025 perempuan dan anak menjadi korban kekerasan, dan KemenPPPA meluncurkan SIMFONI PPA Versi 3.0 Manajemen Kasus yang diikuti 785 peserta dari petugas layanan pusat, Dinas PPPA, dan UPTD PPA seluruh Indonesia. Dalam keterangan pers 28 Oktober 2025, Menteri PPPA menyampaikan 25.627 kasus kekerasan dengan 27.325 korban tercatat melalui SIMFONI PPA dalam satu tahun terakhir. Pemilahan angka khusus korban perempuan sesuai definisi indikator belum ditemukan dipublikasikan secara terpisah.",2025-12-10 04:20:46.000,jdih.kemenkoinfra.go.id,https://jdih.kemenkoinfra.go.id/cfind/source/files/perpres/2025/perpres-nomor-12-tahun-2025/lampiran-iii-perpres-nomor-12-tahun-2025.pdf,2025-02-10 00:00:00.000,
74,439,Pengampu Pencapaian Indikator Kegiatan Prioritas,KP 07.08.02 - Persentase kegiatan prioritas utama dengan kinerja baik,persen,"66,30",70,78,Birokrasi,KEMENTERIAN PERENCANAAN PEMBANGUNAN NASIONAL/BADAN PERENCANAAN PEMBANGUNAN NASIONAL (BAPPENAS),"kinerja program, monitoring, evaluasi prioritas, capaian pembangunan, pengendalian",TRUE,"Program berjalan, ditandai dengan terkonfirmasinya pengukuran dan pelaporan capaian indikator Persentase Kegiatan Prioritas Utama dengan Kinerja Baik pada Tahun 2025, dengan realisasi 75,90% dari target 70% (capaian 108,42%) sebagaimana tercantum dalam Laporan Kinerja Kementerian PPN/Bappenas Tahun 2025. Realisasi tersebut meningkat dibandingkan baseline Tahun 2024 sebesar 66,30% dan didukung oleh Rincian Output (RO) 6270.FAE.260 sebagai instrumen pelaksanaannya. Indikator ini merupakan salah satu komponen IKSS dari Sasaran Strategis terwujudnya efektivitas pengendalian perencanaan dan pelaksanaan pembangunan nasional, yang secara agregat terealisasi 83,69% dari target 73,50%. Aktivitas pengendalian dan pemantauan yang menjadi basis pengukuran juga terkonfirmasi berjalan melalui penyelenggaraan pelaporan berkala kementerian/lembaga pada aplikasi e-Monev Bappenas sepanjang Tahun 2025, meskipun rincian daftar kegiatan prioritas utama beserta penilaian kinerjanya tidak dipublikasikan secara terbuka.",2025-12-10 04:20:46.000,jdih.kemenkoinfra.go.id,https://jdih.kemenkoinfra.go.id/cfind/source/files/perpres/2025/perpres-nomor-12-tahun-2025/lampiran-iii-perpres-nomor-12-tahun-2025.pdf,2026-07-03 09:27:03.911,
75,440,Pengampu Pencapaian Indikator Kegiatan Prioritas,KP 07.08.03 - Tingkat pemanfaatan hasil pengendalian program prioritas Presiden dalam penyelenggaraan pembangunan nasional,persen,(indikator baru),30,50,Birokrasi,KEMENTERIAN PERENCANAAN PEMBANGUNAN NASIONAL/BADAN PERENCANAAN PEMBANGUNAN NASIONAL (BAPPENAS),"pengendalian program, tindak lanjut, prioritas presiden, implementasi, evaluasi",TRUE,"Program berjalan, ditandai dengan terkonfirmasinya pengukuran dan pelaporan capaian indikator Tingkat Pemanfaatan Hasil Pengendalian Program Prioritas Presiden dalam Penyelenggaraan Pembangunan Nasional pada Tahun 2025, dengan realisasi 83,03% dari target 30% sebagaimana tercantum dalam Laporan Kinerja Kementerian PPN/Bappenas Tahun 2025, sehingga target terlampaui secara signifikan. Indikator ini berstatus indikator baru pada periode Renstra Tahun 2025-2029 sehingga belum memiliki baseline Tahun 2024, dan pelaksanaannya didukung melalui Rincian Output (RO) 6270.FAE.260. Kegiatan pengendalian yang menjadi basis indikator terkonfirmasi berjalan melalui mekanisme pemantauan, evaluasi, dan pengendalian pembangunan yang dikoordinasikan Kementerian PPN/Bappenas sepanjang Tahun 2025.",2025-12-10 04:20:46.000,jdih.kemenkoinfra.go.id,https://jdih.kemenkoinfra.go.id/cfind/source/files/perpres/2025/perpres-nomor-12-tahun-2025/lampiran-iii-perpres-nomor-12-tahun-2025.pdf,2026-07-03 09:27:03.911,"indikator baru, sek blom ketemu"
76,441,Pengampu Pencapaian Indikator Kegiatan Prioritas,KP 04.19.05 - Persentase RO/sub kegiatan responsif gender,Persen,"K/L:  3,80","K/L; 4,00","K/L: 10,00",Sosial,KEMENTERIAN PEMBERDAYAAN PEREMPUAN DAN PERLINDUNGAN ANAK,"Kegiatan Gender, Program Inklusif, Analisis Gender, Perencanaan Responsif, Evaluasi Gender",TRUE,"Program berjalan, ditandai dengan terkonfirmasinya pelaksanaan pendampingan dan bimbingan teknis Perencanaan dan Penganggaran Responsif Gender kepada kementerian/lembaga sepanjang 2025 dan berlanjut pada tahun berikutnya. Pada Juni 2025, KemenPPPA menyelenggarakan kegiatan Pengintegrasian Perspektif Gender dalam Dokumen Perencanaan K/L, dengan penegasan bahwa Renstra berperspektif gender akan menghasilkan perencanaan dan penganggaran yang responsif gender. KemenPPPA bersama World Bank juga menyelenggarakan Bimtek PPRG bagi K/L pengampu sektor pendidikan, dengan penekanan pada komitmen para perencana program untuk mengawal integrasi perspektif gender ke dalam RO unit kerja masing-masing, serta menyatakan bahwa sejak 2022 KemenPPPA terus melakukan revitalisasi PUG pada tujuh proses pembangunan.",2025-12-10 04:20:46.000,jdih.kemenkoinfra.go.id,https://jdih.kemenkoinfra.go.id/cfind/source/files/perpres/2025/perpres-nomor-12-tahun-2025/lampiran-iii-perpres-nomor-12-tahun-2025.pdf,2025-02-10 00:00:00.000,
77,447,Pengampu Pencapaian Indikator Kegiatan Prioritas,KP 07.07.02 - Aspek perencanaan kebutuhan Indeks Sistem Merit,persen,"78,45 (2023)","78,45",(target mengikuti instrumen Indeks Sistem Merit yang dimutakhirkan),Birokrasi,KEMENTERIAN PENDAYAGUNAAN APARATUR NEGARA DAN REFORMASI BIROKRASI,"Perencanaan ASN, Analisis Kebutuhan, Formasi Jabatan, SDM Strategis, Sistem Merit",TRUE,"Program berjalan, ditandai dengan diterbitkannya Peraturan Menteri PANRB Nomor 19 Tahun 2025 tentang Penyelenggaraan Sistem Merit dalam Manajemen ASN, yang secara khusus memperkuat pengukuran pada delapan aspek sistem merit termasuk aspek perencanaan kebutuhan dan standardisasi jabatan. Sebagai tindak lanjut, Kementerian PANRB telah menyelenggarakan rangkaian pembinaan/coaching clinic pengukuran Indeks Sistem Merit serta survei kesiapan sistem merit bagi ratusan instansi pemerintah pusat dan daerah yang menjadi lokus prioritas. Namun demikian, angka realisasi/capaian resmi untuk sub-indikator Aspek Perencanaan Kebutuhan secara nasional pada tahun 2025 belum ditemukan publikasinya, sehingga belum dapat dipastikan apakah target sebesar 78,45 telah tercapai.",2025-12-10 04:20:46.000,jdih.kemenkoinfra.go.id,https://jdih.kemenkoinfra.go.id/cfind/source/files/perpres/2025/perpres-nomor-12-tahun-2025/lampiran-iii-perpres-nomor-12-tahun-2025.pdf,2025-02-10 00:00:00.000,
78,450,Pengampu Pencapaian Indikator Kegiatan Prioritas,KP 03.02.02 - Kapasitas pusat data per kapita,W/kapita,"0,74","1,47","6,87",Infrastruktur,KEMENTERIAN KOMUNIKASI DAN DIGITAL,"pusat data, kapasitas server, infrastruktur digital, cloud nasional",TRUE,"Program berjalan, ditandai dengan terkonfirmasinya pengukuran dan pelaporan kapasitas pusat data nasional pada Tahun 2025, yaitu berada pada kisaran ±370 MW atau setara sekitar 1,3 watt per kapita sebagaimana tercantum dalam Laporan Kinerja Kementerian Komunikasi dan Digital Tahun 2025. Laporan menyebutkan capaian tersebut menunjukkan peningkatan seiring pertumbuhan layanan digital nasional, termasuk pemanfaatan komputasi awan, layanan berbasis data, serta digitalisasi sektor publik dan industri, dengan arah penguatan melalui penetapan kawasan data center prioritas, percepatan perizinan terintegrasi, penguatan pasokan energi, dan penerapan teknologi efisiensi energi. Angka kapasitas dilaporkan sebagai estimasi kisaran, sementara rincian sebaran kapasitas per penyelenggara maupun per wilayah tidak diuraikan dalam laporan.",2025-12-10 04:20:46.000,jdih.kemenkoinfra.go.id,https://jdih.kemenkoinfra.go.id/cfind/source/files/perpres/2025/perpres-nomor-12-tahun-2025/lampiran-iii-perpres-nomor-12-tahun-2025.pdf,2026-07-03 09:27:03.911,
79,457,Pengampu Pencapaian Indikator Kegiatan Prioritas,KP 07.08.02 - Persentase instansi pemerintah (kab/kota) dengan nilai akuntabilitas kinerja baik (kategori “B” ke atas),persen,"75,79",76,83,Birokrasi,KEMENTERIAN PENDAYAGUNAAN APARATUR NEGARA DAN REFORMASI BIROKRASI,"SAKIP Daerah, Kinerja Baik, Evaluasi Layanan, Akuntabilitas Publik, Reformasi Daerah",TRUE,"Program berjalan dan targetnya terlampaui, ditandai dengan pelaksanaan evaluasi SAKIP di daerah sepanjang 2025 dan publikasi hasilnya. Sebanyak 507 kabupaten/kota atau 88,39 persen tercatat telah mengimplementasikan SAKIP dengan predikat minimal baik, dengan rata-rata nilai naik menjadi 64,89 atau meningkat 0,91 poin dari tahun sebelumnya, di atas target RPJMN 2025 sebesar 76 persen. Proses evaluasinya sendiri dilakukan langsung ke daerah, misalnya kegiatan evaluasi implementasi SAKIP pada pemda di sejumlah provinsi sepanjang September 2025.",2025-12-10 04:20:46.000,jdih.kemenkoinfra.go.id,https://jdih.kemenkoinfra.go.id/cfind/source/files/perpres/2025/perpres-nomor-12-tahun-2025/lampiran-iii-perpres-nomor-12-tahun-2025.pdf,2025-02-10 00:00:00.000,
80,469,Pengampu Pencapaian Indikator Kegiatan Prioritas,KP 03.02.01 - Integrated Index for Postal Development (2IPD),Indeks,50 (2022),60,78,Infrastruktur,KEMENTERIAN KOMUNIKASI DAN DIGITAL,"layanan pos, indeks logistik, distribusi, layanan surat, transformasi pos",TRUE,"Program berjalan, ditandai dengan terkonfirmasinya penilaian dan pelaporan nilai Integrated Index for Postal Development (2IPD) Indonesia Tahun 2025 sebesar 69,2 dengan Postal Development Level (PDL) pada tingkat 8, sebagaimana tercantum dalam Laporan Kinerja Kementerian Komunikasi dan Digital Tahun 2025. Penilaian dilakukan oleh Universal Postal Union (UPU) selaku badan khusus Perserikatan Bangsa-Bangsa yang menangani sektor pos, sehingga capaian bersumber dari lembaga penilai internasional di luar kementerian. Laporan menyebutkan capaian tersebut menempatkan Indonesia pada kelompok negara dengan tingkat pengembangan sektor pos menengah atas dan mencerminkan peran sektor pos sebagai infrastruktur pendukung konektivitas logistik serta layanan publik. Rincian skor per dimensi penilaian 2IPD tidak diuraikan dalam laporan.",2025-12-10 04:20:46.000,jdih.kemenkoinfra.go.id,https://jdih.kemenkoinfra.go.id/cfind/source/files/perpres/2025/perpres-nomor-12-tahun-2025/lampiran-iii-perpres-nomor-12-tahun-2025.pdf,2026-03-10 12:00:59.300,
81,470,Pengampu Pencapaian Indikator Kegiatan Prioritas,KP 03.02.01 - Rasio harga layanan jaringan pita lebar tetap terhadap pendapatan per kapita,persen,"8,41 (2021)","4,50","2,50",Sosial,KEMENTERIAN KOMUNIKASI DAN DIGITAL,"harga internet, keterjangkauan, tarif broadband, affordability",TRUE,"Program berjalan, ditandai dengan terkonfirmasinya penetapan dan pelaporan indikator rasio harga layanan jaringan pita lebar tetap terhadap pendapatan per kapita (kode DJID 01.03) pada Tahun 2025 dengan target sebesar 4,50%, sebagaimana tercantum dalam Laporan Kinerja Kementerian Komunikasi dan Digital Tahun 2025. Laporan merujuk pada data historis dalam Renstra Komdigi Tahun 2025-2029 yang bersumber dari World Bank Tahun 2024, yang mencatat harga rata-rata layanan fixed broadband di Indonesia berada pada kisaran 4,86% dari Pendapatan Nasional Bruto (PNB) per kapita, sehingga posisi terkini masih berada di atas target yang ditetapkan. Kondisi tersebut sejalan dengan pernyataan pejabat Komdigi dalam forum resmi yang menyebut rasio harga layanan fixed broadband masih di kisaran 4,8% dari pendapatan per kapita nasional dengan penetrasi sekitar 24% rumah tangga, serta arah penurunan rasio menjadi 4% pada Tahun 2026 sesuai dokumen Renstra.",2025-12-10 04:20:46.000,jdih.kemenkoinfra.go.id,https://jdih.kemenkoinfra.go.id/cfind/source/files/perpres/2025/perpres-nomor-12-tahun-2025/lampiran-iii-perpres-nomor-12-tahun-2025.pdf,2026-07-03 09:27:03.911,
82,476,Pengampu Pencapaian Indikator Kegiatan Prioritas,KP 07.10.01 - Jumlah lembaga yang menerapkan arsitektur pemerintah digital,lembaga,(indikator baru),0,614,Birokrasi,KEMENTERIAN PENDAYAGUNAAN APARATUR NEGARA DAN REFORMASI BIROKRASI,"Arsitektur Digital, Implementasi SPBE, Transformasi Lembaga, Sistem Terintegrasi, Digitalisasi Pemerintah",TRUE,"Program berjalan pada tahap penyiapan, yang memang sesuai dengan target 2025 sebesar 0 lembaga, ditandai dengan dimulainya transisi kerangka arsitektur dan pendampingan instansi. KemenPANRB menggelar sosialisasi nasional Penyusunan Arsitektur dan Peta Rencana Pemerintah Digital 2025-2029 pada 5 Mei 2025 yang diikuti instansi pusat dan pemerintah daerah, sebagai titik awal transisi dari Arsitektur SPBE 2022-2024, disertai panduan teknis migrasi dan pengembangan Sistem Informasi Arsitektur SPBE versi 3. Pada Oktober 2025 pembinaan penerapan kebijakan pemerintah digital berlanjut ke daerah, dengan konsep Arsitektur Pemerintah Digital atau SPBE versi 3.0 yang menekankan maturitas, kolaborasi, dan ekosistem digital. Jumlah lembaga yang sudah menerapkan belum dipublikasikan.",2025-12-10 04:20:46.000,jdih.kemenkoinfra.go.id,https://jdih.kemenkoinfra.go.id/cfind/source/files/perpres/2025/perpres-nomor-12-tahun-2025/lampiran-iii-perpres-nomor-12-tahun-2025.pdf,2025-02-10 00:00:00.000,
83,479,Pengampu Pencapaian Indikator Kegiatan Prioritas,KP 04.19.03 - Indeks Literasi Digital,Indeks,"Laki-Laki: 3,56; Perempuan: 3,52 (2023)","Laki-Laki: 3,62; Perempuan: 3,60","Laki-Laki: 3,74; Perempuan: 3,76",Pendidikan,KEMENTERIAN KOMUNIKASI DAN DIGITAL,"literasi digital, kompetensi digital, perilaku online, keamanan digital, etika digital",TRUE,"Program berjalan, ditandai dengan terkonfirmasinya pelaksanaan pengukuran literasi digital masyarakat pada Tahun 2025 melalui Indeks Masyarakat Digital Indonesia (IMDI) yang disusun Kementerian Komunikasi dan Digital, dengan survei mencakup 38 provinsi dan 514 kabupaten/kota serta empat pilar penilaian, yaitu Infrastruktur dan Ekosistem, Literasi Digital, Pemberdayaan, dan Pekerjaan. Berdasarkan hasil survei Tahun 2025, nilai IMDI mencapai 44,53, meningkat dari 43,34 pada Tahun 2024, dengan nilai pilar Literasi Digital sebesar 49,28. Laporan mencatat peningkatan tersebut mencerminkan kemajuan kesiapan digital masyarakat, sementara aspek pemberdayaan dan penciptaan peluang kerja digital masih memerlukan penguatan. Angka literasi digital pada laporan disajikan sebagai pilar dari IMDI, bukan sebagai indeks tersendiri, sehingga penyebutan nilai perlu disesuaikan dengan definisi indikator yang digunakan.",2025-12-10 04:20:46.000,jdih.kemenkoinfra.go.id,https://jdih.kemenkoinfra.go.id/cfind/source/files/perpres/2025/perpres-nomor-12-tahun-2025/lampiran-iii-perpres-nomor-12-tahun-2025.pdf,2026-07-03 09:27:03.911,
84,498,Koordinator Pencapaian Indikator Program Prioritas,PP 02.12 - Rumah tangga yang mempraktikkan buang air besar sembarangan (BABS) di tempat terbuka,persen,"4,2 (2023)","2,5",0,Kesehatan,KEMENTERIAN KESEHATAN,"BABS, sanitasi buruk, stop BABS, jamban sehat, perilaku higienis",TRUE,"Program berjalan dan melampaui target, ditandai dengan capaian kinerja Persentase Rumah Tangga yang Mempraktikkan Buang Air Besar Sembarangan (BABS) di Tempat Terbuka sebesar 2,35% pada tahun 2025 (turun dari 3,20% pada 2024), lebih rendah dari target 2025 sebesar 2,5% (capaian kinerja ±106%), sebagaimana termuat dalam data Survei Sosial Ekonomi Nasional (Susenas) 2025 yang dipublikasikan oleh Badan Pusat Statistik (BPS).",2025-12-10 04:20:46.000,jdih.kemenkoinfra.go.id,https://jdih.kemenkoinfra.go.id/cfind/source/files/perpres/2025/perpres-nomor-12-tahun-2025/lampiran-iii-perpres-nomor-12-tahun-2025.pdf,2025-02-10 00:00:00.000,
85,501,Koordinator Pencapaian Indikator Program Prioritas,PP 04.11 - Angka kematian balita,per 1.000 kelahiran hidup,"19,83 (2020)","15,00","11,90",Kesehatan,KEMENTERIAN KESEHATAN,"kematian balita, AKB, kesehatan anak, gizi anak, layanan pediatri",TRUE,"Program berjalan dan menunjukkan penurunan konsisten, namun belum mencapai target, ditandai dengan capaian kinerja Angka Kematian Balita (U5MR) sebesar 16,38 per 1.000 kelahiran hidup pada 2025, sebagaimana termuat dalam Berita Resmi Statistik Badan Pusat Statistik (BPS) tanggal 5 Mei 2026 (rilis hasil Survei Penduduk Antar Sensus/SUPAS 2025).",2025-12-10 04:20:46.000,jdih.kemenkoinfra.go.id,https://jdih.kemenkoinfra.go.id/cfind/source/files/perpres/2025/perpres-nomor-12-tahun-2025/lampiran-iii-perpres-nomor-12-tahun-2025.pdf,2025-02-10 00:00:00.000,
86,504,Koordinator Pencapaian Indikator Program Prioritas,PP 02.16 - Jumlah model pengelolaan sumber daya genetik termasuk digital sequence information pada sumber daya genetik,model,1,1,1,Industri,KEMENTERIAN LINGKUNGAN HIDUP/BADAN PENGENDALIAN LINGKUNGAN HIDUP,"sumber daya genetik, model pengelolaan, kehati, konservasi, kebijakan",TRUE,"Program berjalan, ditandai dengan pernyataan resmi KLH/BPLH bahwa instrumen pengelolaan sumber daya genetik sudah tersedia dan digunakan. Pada peluncuran buku Status Kekinian Keanekaragaman Hayati bersama Bappenas, KLH/BPLH menyebut mekanisme pembagian keuntungan dari pemanfaatan sumber daya genetik sebagai salah satu instrumen yang sudah tersedia, bersama Indeks Pengelolaan Keanekaragaman Hayati dan perlindungan kawasan bernilai penting. Kerangka kebijakannya tertuang dalam IBSAP 2025-2045, yang memuat 3 tujuan, 13 strategi, 20 target nasional, dan 95 kelompok aksi, dengan pemanfaatan dan pembagian keuntungan sumber daya genetik sebagai salah satu target nasional. Pada Rakornas Kehati 2025, pemerintah menyatakan tengah menyiapkan skema pembagian manfaat dari sumber daya genetik dan instrumen keamanan hayati sejalan dengan penyusunan IBSAP 2025-2045.",2025-12-10 04:20:46.000,jdih.kemenkoinfra.go.id,https://jdih.kemenkoinfra.go.id/cfind/source/files/perpres/2025/perpres-nomor-12-tahun-2025/lampiran-iii-perpres-nomor-12-tahun-2025.pdf,2025-02-10 00:00:00.000,
87,516,Koordinator Pencapaian Indikator Program Prioritas,PP 04.13 - Persentase Diabetes dalam Pengendalian,persen,(indikator baru),15,25,Kesehatan,KEMENTERIAN KESEHATAN,"diabetes terkendali, gula darah, pengendalian diabetes, obat diabetes, gaya hidup",TRUE,"Program berjalan, ditandai dengan pelaksanaan Cek Kesehatan Gratis (CKG) sepanjang 2025 yang menjangkau 70 juta peserta di 10.225 puskesmas dengan diabetes melitus sebagai salah satu temuan penyakit terbanyak, serta hasil tindak lanjutnya yang mencatat 33,1% pasien diabetes hasil CKG 2025 kembali menjalani pemeriksaan dan 69,4% di antaranya berhasil mencapai pengendalian kadar gula darah, sebagaimana disampaikan Menteri Kesehatan dan termuat dalam publikasi resmi Kementerian Kesehatan Tahun 2026. Angka realisasi resmi indikator Persentase Diabetes dalam Pengendalian Tahun 2025 sendiri belum dipublikasikan karena merupakan indikator baru.",2025-12-10 04:20:46.000,jdih.kemenkoinfra.go.id,https://jdih.kemenkoinfra.go.id/cfind/source/files/perpres/2025/perpres-nomor-12-tahun-2025/lampiran-iii-perpres-nomor-12-tahun-2025.pdf,2025-02-10 00:00:00.000,
88,517,Pengampu Pencapaian Indikator Kegiatan Prioritas,KP 03.05.12 - Devisa pariwisata Wakatobi juta,USD,"7,44","9,38","23,76",Sosial,KEMENTERIAN PARIWISATA,"Devisa Pariwisata, Wisatawan Asing, Wisata Wakatobi",TRUE,"Program berjalan, ditandai dengan tetapnya Wakatobi sebagai salah satu Destinasi Pariwisata Prioritas yang dipantau Kemenpar dan terbitnya publikasi statistik pariwisata tingkat destinasi untuk tahun 2025. Kemenpar merilis ""Infografis Statistik Pariwisata 2025"" yang mencakup 10 Destinasi Pariwisata Prioritas termasuk Wakatobi dan tiga Destinasi Pariwisata Regeneratif, disusun oleh Biro Data dan Sistem Informasi Kemenpar bersama BPS dan Kementerian Investasi dan Hilirisasi/BKPM. Publikasi ini memuat delapan indikator statistik meliputi jumlah kunjungan dan rata-rata lama kunjungan wisatawan mancanegara dan nusantara, realisasi investasi pariwisata, jumlah tenaga kerja pariwisata, PDRB sektor akomodasi dan makan minum, profil usaha akomodasi dan makan minum, serta profil usaha ODTW komersial.",2025-12-10 04:20:46.000,jdih.kemenkoinfra.go.id,https://jdih.kemenkoinfra.go.id/cfind/source/files/perpres/2025/perpres-nomor-12-tahun-2025/lampiran-iii-perpres-nomor-12-tahun-2025.pdf,2025-02-10 00:00:00.000,
89,519,Koordinator Pencapaian Indikator Program Prioritas,PP 04.13 - Prevalensi depresi di umur ≥15 tahun,persen,"1,4 (2023)","1,4","1,4",Kesehatan,KEMENTERIAN KESEHATAN,"prevalensi depresi, kesehatan mental, depresi remaja, stres masyarakat, layanan psikolog",TRUE,"Program berjalan namun capaian layanannya masih jauh di bawah target, ditandai dengan capaian kinerja Cakupan Skrining Kesehatan Jiwa sebesar 10,8% dari target 10% (capaian kinerja 108%) sebagaimana termuat dalam LAKIP Direktorat Pelayanan Kesehatan Kelompok Rentan Tahun 2025, sementara indikator Persentase Depresi yang Mendapatkan Layanan baru terealisasi 0,7% dari target 5% sebagaimana termuat dalam LAKIP Direktorat Jenderal Kesehatan Primer dan Komunitas Tahun 2025. Adapun angka Prevalensi Depresi di umur ≥15 tahun masih merujuk hasil Survei Kesehatan Indonesia (SKI) 2023 sebesar 1,4% karena belum ada pengukuran survei baru pada 2025.",2025-12-10 04:20:46.000,jdih.kemenkoinfra.go.id,https://jdih.kemenkoinfra.go.id/cfind/source/files/perpres/2025/perpres-nomor-12-tahun-2025/lampiran-iii-perpres-nomor-12-tahun-2025.pdf,2026-07-03 09:27:03.911,
90,524,Pengampu Pencapaian Indikator Kegiatan Prioritas,KP 04.09.03 - Jumlah perolehan medali pada Youth Olympic Games,medali,1 perunggu (2018),1 emas (2026),-,Sosial,KEMENTERIAN PEMUDA DAN OLAHRAGA,"medali youth, olympic youth, atlet muda",TRUE,"Program berjalan, ditandai dengan terkonfirmasinya keikutsertaan kontingen Indonesia pada Asian Youth Games Tahun 2025 beserta tercatatnya perolehan medali sebanyak 28 medali dari target 1 sampai 2 medali (capaian 1.400%) sebagaimana dilaporkan dalam Laporan Kinerja Kemenpora Tahun 2025. Pelaksanaan dan hasil kegiatan juga terpublikasi melalui pemberitaan media nasional yang mengacu pada klasemen resmi penyelenggara, yang menempatkan Indonesia pada peringkat ke-15 dengan rincian empat emas, enam perak, dan 18 perunggu. Rincian pendukung per cabang olahraga tidak seluruhnya dipublikasikan dalam dokumen resmi.",2025-12-10 04:20:46.000,jdih.kemenkoinfra.go.id,https://jdih.kemenkoinfra.go.id/cfind/source/files/perpres/2025/perpres-nomor-12-tahun-2025/lampiran-iii-perpres-nomor-12-tahun-2025.pdf,2026-07-03 09:27:03.911,
91,526,Pengampu Pencapaian Indikator Kegiatan Prioritas,KP 04.09.03 - Jumlah perolehan medali pada Asian Youth Para Games,medali,12 emas/11 perak/14 perunggu (2021),2025-12-15 00:00:00,14-16,Sosial,KEMENTERIAN PEMUDA DAN OLAHRAGA,"para youth, atlet para, medali para",TRUE,"Program berjalan, ditandai dengan terkonfirmasinya pengiriman dan keikutsertaan kontingen para atlet muda Indonesia pada Asian Youth Para Games Tahun 2025 serta tercatatnya perolehan 89 medali dari target 12 sampai 15 medali (capaian 593,33%) dalam Laporan Kinerja Kemenpora Tahun 2025. Pelaksanaan kegiatan terpublikasi melalui laman resmi organisasi keolahragaan dan pemberitaan media nasional sepanjang penyelenggaraan, yang mencatat perolehan medali Indonesia melampaui target awal kontingen. Angka perolehan yang dipublikasikan media umumnya bersifat sementara mengikuti perkembangan pertandingan, sehingga angka akhir mengacu pada laporan resmi Kemenpora.",2025-12-10 04:20:46.000,jdih.kemenkoinfra.go.id,https://jdih.kemenkoinfra.go.id/cfind/source/files/perpres/2025/perpres-nomor-12-tahun-2025/lampiran-iii-perpres-nomor-12-tahun-2025.pdf,2026-03-10 12:00:59.300,
92,527,Pengampu Pencapaian Indikator Kegiatan Prioritas,KP 04.18.01 - Persentase pemuda mendapatkan pelatihan bersertifikat,persen,"15,82 (2023)","25,49","46,49",Pendidikan,KEMENTERIAN PEMUDA DAN OLAHRAGA,"pelatihan pemuda, sertifikat kerja, skill pemuda",TRUE,"Program berjalan, ditandai dengan tersedianya pengukuran dan pelaporan capaian indikator pada Tahun 2025, dengan realisasi 15,72% dari target 25,49% (capaian 61,67%). Capaian masih berada di bawah target yang ditetapkan. Data pendukung indikator bersumber dari publikasi statistik kepemudaan yang dirilis secara nasional, sementara rincian sebaran pelatihan bersertifikat per wilayah maupun per penyelenggara belum dipublikasikan secara lengkap.",2025-12-10 04:20:46.000,jdih.kemenkoinfra.go.id,https://jdih.kemenkoinfra.go.id/cfind/source/files/perpres/2025/perpres-nomor-12-tahun-2025/lampiran-iii-perpres-nomor-12-tahun-2025.pdf,2026-07-03 09:27:03.911,
93,528,Pengampu Pencapaian Indikator Kegiatan Prioritas,KP 04.18.01 - Proporsi pemuda dengan keterampilan TIK,persen,"96,74 (2023)","96,96","98,85",Pendidikan,KEMENTERIAN PEMUDA DAN OLAHRAGA,"TIK pemuda, literasi digital, skill digital",TRUE,"Program berjalan, ditandai dengan tersedianya pengukuran dan pelaporan capaian indikator pada Tahun 2025, dengan realisasi 97,73% dari target 96,96% (capaian 100,79%), sehingga target terlampaui. Angka indikator bersumber dari publikasi statistik kepemudaan nasional yang menghimpun data melalui Susenas Maret 2025, Sakernas Agustus 2025, serta data sekunder dari kementerian/lembaga. Rincian jenis keterampilan TIK yang diukur tidak diuraikan lebih lanjut dalam laporan capaian.",2025-12-10 04:20:46.000,jdih.kemenkoinfra.go.id,https://jdih.kemenkoinfra.go.id/cfind/source/files/perpres/2025/perpres-nomor-12-tahun-2025/lampiran-iii-perpres-nomor-12-tahun-2025.pdf,2026-07-03 09:27:03.911,
94,530,Pengampu Pencapaian Indikator Kegiatan Prioritas,KP 04.18.01 - Persentase pemuda berolahraga,persen,"30,32 (2023)","38,92","47,50",Sosial,KEMENTERIAN PEMUDA DAN OLAHRAGA,"olahraga pemuda, aktivitas fisik",TRUE,"Program berjalan, ditandai dengan tersedianya pengukuran dan pelaporan capaian indikator pada Tahun 2025, dengan realisasi 59,05% dari target 38,92% (capaian 151,72%), sehingga target terlampaui secara signifikan. Indikator ini dilaporkan secara konsisten baik pada tabel kontribusi bidang kepemudaan maupun bidang keolahragaan dalam laporan yang sama, yang menunjukkan indikator digunakan sebagai capaian lintas bidang.",2025-12-10 04:20:46.000,jdih.kemenkoinfra.go.id,https://jdih.kemenkoinfra.go.id/cfind/source/files/perpres/2025/perpres-nomor-12-tahun-2025/lampiran-iii-perpres-nomor-12-tahun-2025.pdf,2026-07-03 09:27:03.911,
95,531,Pengampu Pencapaian Indikator Kegiatan Prioritas,KP 04.18.02 - Persentase pemuda pekerja tidak penuh,persen,"32,46 (2023)",31,"28,68",Industri,KEMENTERIAN PEMUDA DAN OLAHRAGA,"pekerja muda, kerja paruh waktu, ketenagakerjaan pemuda",TRUE,"Program berjalan, ditandai dengan tersedianya pengukuran dan pelaporan capaian indikator pada Tahun 2025, dengan realisasi 32,51% dari target 31% dan dilaporkan sebagai capaian 105%. Perhitungan capaian tampak menggunakan rasio realisasi terhadap target, sehingga arah indikator perlu dicermati mengingat persentase pemuda bekerja tidak penuh yang lebih tinggi dari target tidak selalu berarti kondisi yang lebih baik. Penjelasan metode perhitungan dan interpretasi arah indikator belum diuraikan dalam tabel capaian.",2025-12-10 04:20:46.000,jdih.kemenkoinfra.go.id,https://jdih.kemenkoinfra.go.id/cfind/source/files/perpres/2025/perpres-nomor-12-tahun-2025/lampiran-iii-perpres-nomor-12-tahun-2025.pdf,2026-07-03 09:27:03.911,
96,532,Koordinator Pencapaian Indikator Program Prioritas,PP 02.10 - Indeks Kesejahteraan Petani (IKP),Indeks,0.693 (2024 angka kajian sementara BPS),0.7445,0.8599,Pangan,KEMENTERIAN PERTANIAN,"kesejahteraan petani, IKP nasional, pendapatan petani, harga hasil, daya beli petani",TRUE,"Program, ditandai dengan terlaksananya Survei Kesejahteraan Petani (SKP) 2025 oleh BPS secara nasional dengan pendataan lapangan pada periode sekitar 15 September sampai 15 Oktober 2025, yang dipublikasikan melalui laman resmi BPS di berbagai daerah mulai dari rapat koordinasi persiapan, pelatihan petugas, pendataan rumah tangga usaha pertanian, hingga penyelesaian lapangan. BPS juga menyatakan IKP disusun dari enam dimensi dan 21 indikator, akan dirilis resmi pada 19 Desember 2025, dan Bappenas menegaskan IKP sebagai indikator utama RPJMN 2025-2029 dengan target 0,7445 pada 2025 dan 0,8599 pada 2029, konsisten dengan target di data Anda. Nilai realisasi IKP Tahun 2025 sendiri belum ditemukan dipublikasikan dalam Berita Resmi Statistik atau publikasi BPS yang dapat diakses.",2025-12-10 04:20:46.000,jdih.kemenkoinfra.go.id,https://jdih.kemenkoinfra.go.id/cfind/source/files/perpres/2025/perpres-nomor-12-tahun-2025/lampiran-iii-perpres-nomor-12-tahun-2025.pdf,2025-02-10 00:00:00.000,
97,533,Pengampu Pencapaian Indikator Kegiatan Prioritas,KP 04.18.02 - Rasio Kewirausahaan Pemuda,persen,"1,16 (2023)","1,33","1,61",Industri,KEMENTERIAN PEMUDA DAN OLAHRAGA,"olahraga daerah, sentra atlet, elite daerah, pembinaan daerah, prestasi daerah",TRUE,"Program berjalan, ditandai dengan tersedianya pengukuran dan pelaporan capaian indikator pada Tahun 2025, dengan realisasi 1,17% dari target 1,33% (capaian 87,97%). Capaian belum mencapai target yang ditetapkan. Data pendukung bersumber dari publikasi statistik kepemudaan nasional, sementara rincian kontribusi program kewirausahaan pemuda per wilayah belum dipublikasikan.",2025-12-10 04:20:46.000,jdih.kemenkoinfra.go.id,https://jdih.kemenkoinfra.go.id/cfind/source/files/perpres/2025/perpres-nomor-12-tahun-2025/lampiran-iii-perpres-nomor-12-tahun-2025.pdf,2026-07-03 09:27:03.911,
98,534,Pengampu Pencapaian Indikator Kegiatan Prioritas,KP 04.18.02-Persentase pemuda penyandang disabilitas yang bekerja,persen,"16,66 (2023)","17,82","19,81",Industri,KEMENTERIAN PEMUDA DAN OLAHRAGA,"sentra pusat, atlet elite, pembinaan pusat, olahraga pusat, prestasi pusat",TRUE,"Program berjalan ditandai dengan Kemenpora aktif menjalankan program nyata bagi pemuda disabilitas: Pelatihan Kewirausahaan Pemuda Penyandang Disabilitas (Bogor, Agu 2025), Program BERDAYA (ToT pelatih disabilitas, Apr 2026), program AI Skilling bersama Plan Indonesia.",2025-12-10 04:20:46.000,jdih.kemenkoinfra.go.id,https://jdih.kemenkoinfra.go.id/cfind/source/files/perpres/2025/perpres-nomor-12-tahun-2025/lampiran-iii-perpres-nomor-12-tahun-2025.pdf,2026-07-03 09:27:03.911,
99,535,Pengampu Pencapaian Indikator Kegiatan Prioritas,KP 04.18.02- Rasio TPAK pemuda perempuan terhadap laki-laki,persen,"66,08 (2023)","66,3","67,84",Industri,KEMENTERIAN PEMUDA DAN OLAHRAGA,"youth olympic, medali emas, atlet muda, kompetisi youth, prestasi youth",TRUE,"Program berjalan ditandai dengan Ada rakor lintas K/L (Kemenko PMK, Kemenpora, Bappenas) yang secara eksplisit menyasar TPAK pemuda perempuan sebagai bagian domain IPP, plus program YES/AI Skilling khusus pemuda perempuan & disabilitas. Belum ditemukan program berdiri sendiri yang secara spesifik hanya mengejar rasio TPAK ini, tapi upaya pelaksanaan (rakor + program turunan) sudah berjalan.",2025-12-10 04:20:46.000,jdih.kemenkoinfra.go.id,https://jdih.kemenkoinfra.go.id/cfind/source/files/perpres/2025/perpres-nomor-12-tahun-2025/lampiran-iii-perpres-nomor-12-tahun-2025.pdf,2026-07-03 09:27:03.911,
100,536,Pengampu Pencapaian Indikator Kegiatan Prioritas,KP 04.18.03 Persentase pemuda (16-30 tahun) yang mengikuti kegiatan organisasi dalam 3 bulan terakhir,persen,"5,44 (2023)","5,65","6,72",Sosial,KEMENTERIAN PEMUDA DAN OLAHRAGA,"asian youth, medali youth, atlet muda, kompetisi asia, prestasi asia",TRUE,"Program berjalan ditandai dengan BPS bersama Kemenpora rutin menerbitkan Statistik Pemuda Indonesia dan Laporan Indeks Pembangunan Pemuda (IPP) yang mengukur partisipasi pemuda dalam kegiatan organisasi sebagai salah satu indikator domain partisipasi dan kepemimpinan. Laporan IPP 2025 telah dipublikasikan dengan metode baru yang diperluas hingga tingkat kabupaten/kota, meski capaian daerah pada indikator ini umumnya masih di bawah capaian nasional.",2025-12-10 04:20:46.000,jdih.kemenkoinfra.go.id,https://jdih.kemenkoinfra.go.id/cfind/source/files/perpres/2025/perpres-nomor-12-tahun-2025/lampiran-iii-perpres-nomor-12-tahun-2025.pdf,2026-07-03 09:27:03.911,
101,537,Pengampu Pencapaian Indikator Kegiatan Prioritas,KP 04.18.03 - Persentase pemuda yang menduduki posisi manajerial,persen,"1,44 (2023)","1,48","1,8",Industri,KEMENTERIAN PEMUDA DAN OLAHRAGA,"para youth, kompetisi para, medali para, atlet disabilitas, prestasi para",TRUE,"Program berjalan ditandai dengan Kemenpora menjalankan program kaderisasi kepemimpinan pemuda: TALENTA MUDA/PKPMN (kerja sama dengan Lemhannas), kerja sama dengan PII, dan program lain di bawah domain 'partisipasi dan kepemimpinan' IPP.",2025-12-10 04:20:46.000,jdih.kemenkoinfra.go.id,https://jdih.kemenkoinfra.go.id/cfind/source/files/perpres/2025/perpres-nomor-12-tahun-2025/lampiran-iii-perpres-nomor-12-tahun-2025.pdf,2026-07-03 09:27:03.911,
102,542,Pengampu Pencapaian Indikator Kegiatan Prioritas,KP 04.21.02 - Jumlah tenaga keolahragaan cabang olahraga olimpiade dan paralimpiade bersertifikasi internasional,orang,250 (2023),250,500,Sosial,KEMENTERIAN PEMUDA DAN OLAHRAGA,"kerja tidak penuh, angkatan kerja muda, underemployment muda, jam kerja muda, pasar kerja",TRUE,"Program berjalan ditandai dengan Program berjalan. Kemenpora aktif menyelenggarakan sertifikasi tenaga keolahragaan bertaraf internasional, di antaranya sertifikasi 200 pelatih paralimpiade bersama NPC Indonesia (Mei 2026) dan World Aquatics Certification Course bersama PB Akuatik Indonesia di Bali (Agustus 2026) untuk cabang olahraga olimpiade dan paralimpiade.",2025-12-10 04:20:46.000,jdih.kemenkoinfra.go.id,https://jdih.kemenkoinfra.go.id/cfind/source/files/perpres/2025/perpres-nomor-12-tahun-2025/lampiran-iii-perpres-nomor-12-tahun-2025.pdf,2025-02-10 00:00:00.000,
103,548,Pengampu Pencapaian Indikator Kegiatan Prioritas,KP 04.21.04- Kejuaraan dunia cabang olahraga unggulan olimpiade dan paralimpiade yang diikuti/terselenggara,kegiatan,18 (2023),20,20,Sosial,KEMENTERIAN PEMUDA DAN OLAHRAGA,"kejuaraan, dunia, elite, global, kompetisi",TRUE,"Program berjalan ditandai dengan Atlet Indonesia aktif mengikuti kejuaraan dunia cabang olahraga unggulan, seperti meraih gelar juara umum pada World Para Athletics Grand Prix 2026 di Tunisia. Indonesia juga menjadi tuan rumah Kejuaraan Dunia Senam Artistik 2025 di Jakarta serta berbagai kejuaraan dunia BWF dan lainnya.",2025-12-10 04:20:46.000,jdih.kemenkoinfra.go.id,https://jdih.kemenkoinfra.go.id/cfind/source/files/perpres/2025/perpres-nomor-12-tahun-2025/lampiran-iii-perpres-nomor-12-tahun-2025.pdf,2025-02-10 00:00:00.000,
104,549,Pengampu Pencapaian Indikator Kegiatan Prioritas,KP 04.22.01- Persentase penduduk usia sekolah (7-18 tahun) yang melakukan olahraga seminggu terakhir,persen,"48,76 (2021)","69,06","85,36",Sosial,KEMENTERIAN PEMUDA DAN OLAHRAGA,"aktivitas, pelajar, kebugaran, sekolah, rutin",TRUE,"Program berjalan ditandai dengan Kemenpora bersama Kemenko PMK aktif menjalankan kampanye peningkatan aktivitas olahraga penduduk usia sekolah melalui Gerakan Masyarakat Aktif dan Bugar (GEMAR) yang menyasar target nasional RPJMN 2025-2029 sebesar 47,5% penduduk berolahraga dalam seminggu terakhir pada 2029.",2025-12-10 04:20:46.000,jdih.kemenkoinfra.go.id,https://jdih.kemenkoinfra.go.id/cfind/source/files/perpres/2025/perpres-nomor-12-tahun-2025/lampiran-iii-perpres-nomor-12-tahun-2025.pdf,2026-03-10 12:00:59.300,
105,550,Pengampu Pencapaian Indikator Kegiatan Prioritas,KP 04.22.01 - Persentase penduduk penyandang disabilitas usia 5 tahun ke atas yang melakukan olahraga seminggu terakhir,persen,"8,24 (2021)","11,67","15,10",Sosial,KEMENTERIAN PEMUDA DAN OLAHRAGA,"difabel, aktivitas, olahraga, kebugaran, partisipasi",TRUE,"Program berjalan ditandai dengan Kemenpora bersama NPC Indonesia aktif menjalankan program sertifikasi pelatih olahraga disabilitas dan penyusunan skema sertifikasi, termasuk Training of Trainers Penggerak Olahraga Disabilitas 'BERDAYA' di Bogor (Agustus 2026) dengan 122 peserta, sebagai bagian dari upaya meningkatkan partisipasi olahraga penyandang disabilitas.",2025-12-10 04:20:46.000,jdih.kemenkoinfra.go.id,https://jdih.kemenkoinfra.go.id/cfind/source/files/perpres/2025/perpres-nomor-12-tahun-2025/lampiran-iii-perpres-nomor-12-tahun-2025.pdf,2026-07-03 09:27:03.911,
106,551,Pengampu Pencapaian Indikator Kegiatan Prioritas,KP 04.22.02 - Persentase provinsi yang menyelenggarakan kampanye olahraga,persen,100,100,100,Sosial,KEMENTERIAN PEMUDA DAN OLAHRAGA,"kampanye, provinsi, promosi, olahraga, gerakan",TRUE,"Program berjalan ditandai dengan Kampanye olahraga diselenggarakan di berbagai provinsi melalui Festival Olahraga Masyarakat Nasional (FORNAS) VIII 2025 di NTB yang melibatkan 12 ribu pegiat dari 37 provinsi, serta program rutin GEMAR dan Kejuaraan Tarkam Kemenpora yang menjangkau daerah secara nasional.",2025-12-10 04:20:46.000,jdih.kemenkoinfra.go.id,https://jdih.kemenkoinfra.go.id/cfind/source/files/perpres/2025/perpres-nomor-12-tahun-2025/lampiran-iii-perpres-nomor-12-tahun-2025.pdf,2026-07-03 09:27:03.911,
107,554,Pengampu Pencapaian Indikator Kegiatan Prioritas,KP 07.05.01 - Nilai dimensi internal (Indeks Integritas Nasional),Indeks,"77,42 (2023)","81,30","84,63",Birokrasi,KOMISI PEMBERANTASAN KORUPSI,"internal, integritas, birokrasi, nilai, evaluasi",TRUE,"Program berjalan ditandai dengan KPK secara rutin melaksanakan Survei Penilaian Integritas (SPI) sebagai instrumen pengukuran Indeks Integritas Nasional. Hasil SPI 2025 telah dipublikasikan resmi pada peringatan Hakordia 9 Desember 2025 dengan skor nasional 72,32 (naik dari 71,53 di 2024), melibatkan 657 institusi dan lebih dari 837 ribu responden.",2025-12-10 04:20:46.000,jdih.kemenkoinfra.go.id,https://jdih.kemenkoinfra.go.id/cfind/source/files/perpres/2025/perpres-nomor-12-tahun-2025/lampiran-iii-perpres-nomor-12-tahun-2025.pdf,2025-02-10 00:00:00.000,
108,557,Pengampu Pencapaian Indikator Kegiatan Prioritas,KP 08.04.01 - Persentase daerah yang memiliki tingkat kapasitas penanggulangan bencana minimal pada kategori sedang,persen,62 (2023),67,90,Pertahanan,BADAN NASIONAL PENANGGULANGAN BENCANA,"kapasitas bencana daerah, tingkat kategori sedang, penanggulangan minimal, daerah sedang kapasitas, resiliensi bencana",TRUE,"Program berjalan ditandai dengan Laporan Kinerja (LAKIP) BNPB 2025 - dokumen resmi realisasi kinerja, BUKAN rencana - melaporkan angka riil: target 67%, CAPAIAN AKTUAL hanya 50% (74,63% dari target). Ini bukti realisasi konkret namun MASIH DI BAWAH TARGET 2025. Realisasi ditandai FALSE karena capaian belum mencapai target meski aktivitas terverifikasi nyata.",2025-12-10 04:20:46.000,jdih.kemenkoinfra.go.id,https://jdih.kemenkoinfra.go.id/cfind/source/files/perpres/2025/perpres-nomor-12-tahun-2025/lampiran-iii-perpres-nomor-12-tahun-2025.pdf,2026-07-03 09:27:03.911,
109,558,Pengampu Pencapaian Indikator Kegiatan Prioritas,KP 08.04.02 - Persentase cakupan layanan peringatan dini di daerah beresiko bencana,persen,"6,00","6,10","6,32",Pertahanan,BADAN NASIONAL PENANGGULANGAN BENCANA,"peringatan dini cakupan, layanan risiko bencana, daerah beresiko layanan, sistem peringatan dini, cakupan layanan bencana",TRUE,"Program berjalan ditandai dengan BMKG meresmikan command center MHEWS (Multi-Hazard Early Warning System) pada 2025 yang mengintegrasikan InaTEWS dengan cakupan regional ASEAN & Pasifik - bukti ekspansi nyata sistem peringatan dini. Namun angka spesifik 'cakupan layanan peringatan dini di daerah berisiko' (skala 6,00->6,10, kemungkinan indeks bukan persentase) belum ditemukan datanya yang bisa dicocokkan langsung dengan target. Realisasi ditandai FALSE sampai angka resmi ditemukan.",2025-12-10 04:20:46.000,jdih.kemenkoinfra.go.id,https://jdih.kemenkoinfra.go.id/cfind/source/files/perpres/2025/perpres-nomor-12-tahun-2025/lampiran-iii-perpres-nomor-12-tahun-2025.pdf,2026-07-03 09:27:03.911,
110,561,Koordinator Pencapaian lndikator Sasaran Utama Pembangunan,Indeks Kualitas Lingkungan Hidup,Indeks,"72,54 (2023)","76,49","77,2",Infrastruktur,KEMENTERIAN KOORDINATOR BIDANG PANGAN,"IKLH, Kualitas Air, Kualitas Udara, Tutupan Lahan, Lingkungan Hidup",TRUE,"Program berjalan ditandai dengan TERLAMPAUI dari target: Laporan Kinerja Kementerian Lingkungan Hidup/Badan Pengendalian Lingkungan Hidup 2025 melaporkan capaian IKLH nasional 78,58 - MELAMPAUI target tahunan 76,49 - dan merupakan kelanjutan tren kenaikan IKLH yang konsisten melampaui target sejak 2020 (BPS mencatat pola serupa setiap tahun). Data resmi, terverifikasi kuat, bukan estimasi.",2025-12-10 04:20:46.000,jdih.kemenkoinfra.go.id,https://jdih.kemenkoinfra.go.id/cfind/source/files/perpres/2025/perpres-nomor-12-tahun-2025/lampiran-iii-perpres-nomor-12-tahun-2025.pdf,2026-07-03 09:27:03.911,
111,569,Pengampu Pencapaian Indikator Kegiatan Prioritas,KP 06.07.05 - Persentase desa maju dan mandiri di 22 Pusat Pertumbuhan Kawasan Perbatasan,persen,"44,38","45,56","48,47",Sosial,BADAN NASIONAL PENGELOLA PERBATASAN,"desa maju mandiri, kawasan perbatasan pusat, pertumbuhan kawasan desa, desa mandiri persen, pusat pertumbuhan mandiri",TRUE,"Program berjalan ditandai dengan BNPP RI aktif melaksanakan pemantauan dan evaluasi capaian desa maju dan mandiri di kawasan perbatasan melalui Indeks Pembangunan Kawasan Perbatasan (IPKP) 2025 dan Rakorendal 2025 (18-19 November 2025) yang dihadiri 18 gubernur kawasan perbatasan, dengan sejumlah kawasan seperti Sabang dan Jayapura mencatatkan capaian nilai B.",2025-12-10 04:20:46.000,jdih.kemenkoinfra.go.id,https://jdih.kemenkoinfra.go.id/cfind/source/files/perpres/2025/perpres-nomor-12-tahun-2025/lampiran-iii-perpres-nomor-12-tahun-2025.pdf,2026-07-03 09:27:03.911,
112,577,Pengampu Pencapaian Indikator Kegiatan Prioritas,KP 02.04.04 - Indeks Risiko Terorisme (Target),Indeks,"51,87","51,77","51,37",Pertahanan,BADAN NASIONAL PENANGGULANGAN TERORISME,"indeks risiko terorisme, risiko target indeks, terorisme target risiko, IRT survei target, risiko terorisme penurunan",TRUE,"Program berjalan ditandai dengan BNPT melaporkan tren POSITIF sepanjang 2025: Indonesia mengalami ZERO terrorist attack selama 2 tahun berturut-turut, kelompok Jemaah Islamiyah (JI) resmi dibubarkan (30 Juni 2025), dan skor World Terrorism Index membaik dari 18 (2024) menjadi 15 (2025, semakin rendah = semakin aman). Meski indeks domestik BNPT (skala RPJMN, baseline 51,87) tidak persis sama dengan indeks internasional yang dikutip, tren penurunan risiko terorisme terkonfirmasi kuat lewat berbagai indikator resmi & independen - realisasi ditandai TRUE.",2025-12-10 04:20:46.000,jdih.kemenkoinfra.go.id,https://jdih.kemenkoinfra.go.id/cfind/source/files/perpres/2025/perpres-nomor-12-tahun-2025/lampiran-iii-perpres-nomor-12-tahun-2025.pdf,2025-02-10 00:00:00.000,
113,580,Pengampu Pencapaian Indikator Kegiatan Prioritas,"KP 01.03.02 - Persentase hasilpenindakan pelanggaran pemilu yang cepat, tanpa biaya, aksesibel, mudah dimengerti, dan akuntabel",persen,(indikator baru),0,100,Birokrasi,BADAN PENGAWAS PEMILIHAN UMUM,"penindakan pelanggaran pemilu, hasil penindakan cepat, pelanggaran pemilu akuntabel, penindakan aksesibel mudah, pemilu pelanggaran persen",TRUE,"Program berjalan ditandai dengan Bawaslu telah mengoperasikan sistem penindakan pelanggaran pemilu yang cepat, daring, dan aksesibel melalui aplikasi Sigap Lapor (Sistem Informasi Penanganan Pelanggaran Pemilu dan Pelaporan). Laporan Kinerja Instansi Bawaslu Triwulan IV 2025 turut menunjukkan realisasi indikator penanganan dan penindakan pelanggaran mencapai progres 100% dari target.",2025-12-10 04:20:46.000,jdih.kemenkoinfra.go.id,https://jdih.kemenkoinfra.go.id/cfind/source/files/perpres/2025/perpres-nomor-12-tahun-2025/lampiran-iii-perpres-nomor-12-tahun-2025.pdf,2026-07-03 09:27:03.911,
114,586,Pengampu Pencapaian Indikator Kegiatan Prioritas,KP 02.10.13 - Persentase wilayah terkendali dari Organisme Penggangu Tumbuhan Karantina (OPTK),persen,0,85,95,Pangan,BADAN KARANTINA INDONESIA,"karantina tumbuhan, OPTK, biosekuriti, perdagangan tumbuhan, kontrol hama",TRUE,"Program berjalan ditandai dengan Badan Karantina Indonesia mempublikasikan Laporan Kinerja (LAKIN) triwulanan resmi per Balai Karantina Hewan, Ikan dan Tumbuhan (BKHIT) di berbagai daerah (Sumut, Riau, Sulteng, Kaltim, Papua Barat Daya, NAD, Sulsel, dll) - dokumen realisasi konkret dengan data target vs capaian riil per triwulan, BUKAN rencana. Sistem pemantauan OPTK secara nasional terkonfirmasi aktif berjalan (Seminar Nasional Pemantauan OPTK tahunan). Namun angka agregat nasional persentase 'wilayah terkendali dari OPTK' (target 85%) belum ditemukan sebagai satu angka tunggal.",2025-12-10 04:20:46.000,jdih.kemenkoinfra.go.id,https://jdih.kemenkoinfra.go.id/cfind/source/files/perpres/2025/perpres-nomor-12-tahun-2025/lampiran-iii-perpres-nomor-12-tahun-2025.pdf,2026-07-03 09:27:03.911,
115,587,Pengampu Pencapaian Indikator Kegiatan Prioritas,KP 03.02.01 - Jangkauan penyiaran televisi siaran digital terestial penerimaan tetap tidak berbayar (free to air) per populasi,persen,"73,44 (2023)",74,78,Infrastruktur,LEMBAGA PENYIARAN PUBLIK TELEVISI REPUBLIK INDONESIA,"jangkauan televisi digital, siaran terestrial populasi, digital terestrial jangkauan, free to air persen, penerimaan tetap siaran",TRUE,"Program berjalan ditandai dengan Program Analog Switch Off (ASO) sudah TUNTAS secara nasional sejak akhir 2024 dengan klaim jangkauan 97% populasi (data Kominfo, per media Liputan6 Okt 2024) - infrastruktur multiplexing (MUX) terbangun luas (95 pemancar TVRI + 227 swasta). Namun ini angka gabungan TVRI+swasta, sementara indikator RPJMN spesifik untuk TVRI 'penerimaan tetap tidak berbayar (free to air)' (baseline 73,44%, target 74%) belum ditemukan sebagai angka terpisah dan terbaru (2025). Realisasi ditandai FALSE sampai angka spesifik TVRI dikonfirmasi.",2025-12-10 04:20:46.000,jdih.kemenkoinfra.go.id,https://jdih.kemenkoinfra.go.id/cfind/source/files/perpres/2025/perpres-nomor-12-tahun-2025/lampiran-iii-perpres-nomor-12-tahun-2025.pdf,2025-02-10 00:00:00.000,
116,588,Pengampu Pencapaian Indikator Kegiatan Prioritas,KP 02.06.01 - Persentase Kehadiran dalam forum-forum internasional terkait keamanan laut,persen,25,50,"87,5",Pertahanan,BADAN KEAMANAN LAUT,"forum maritim, diplomasi laut, kerja sama keamanan, partisipasi internasional, kebijakan maritim",TRUE,"Program berjalan ditandai dengan Bakamla RI terkonfirmasi aktif hadir dan berperan di berbagai forum keamanan laut internasional sepanjang 2025-2026: ASEAN Coast Guard Forum (diinisiasi Bakamla sejak 2022), HACGAM (Head of Asian Coast Guard Agency Meeting), ReCAAP, SEAMLEI, serta koordinasi rutin dengan Jepang Coast Guard (JCG). Bukti partisipasi aktif dan berkelanjutan, bukan sekadar rencana.",2025-12-10 04:20:46.000,jdih.kemenkoinfra.go.id,https://jdih.kemenkoinfra.go.id/cfind/source/files/perpres/2025/perpres-nomor-12-tahun-2025/lampiran-iii-perpres-nomor-12-tahun-2025.pdf,2025-02-10 00:00:00.000,
117,591,Pengampu Pencapaian Indikator Kegiatan Prioritas,KP 02.06.03 - Persentase kesesuaian rencana patroli nasional,persen,100,100,100,Pertahanan,BADAN KEAMANAN LAUT,"rencana patroli, jadwal operasi, konsistensi patroli, efektivitas rute, penyesuaian strategi",TRUE,"Program berjalan ditandai dengan Bakamla melaksanakan tiga jenis patroli secara rutin (mandiri sepanjang tahun, bersama instansi dalam negeri seperti TNI AL/KPLP/Polri/Bea Cukai/Imigrasi, dan bersama negara ASEAN) di seluruh zona barat-tengah-timur - bukti aktivitas patroli nyata dan berkelanjutan. Namun angka spesifik 'persentase kesesuaian rencana patroli nasional' (target 100%) belum ditemukan datanya secara terbuka - realisasi ditandai FALSE sampai angka resmi dikonfirmasi, meski aktivitas dasarnya terverifikasi berjalan.",2025-12-10 04:20:46.000,jdih.kemenkoinfra.go.id,https://jdih.kemenkoinfra.go.id/cfind/source/files/perpres/2025/perpres-nomor-12-tahun-2025/lampiran-iii-perpres-nomor-12-tahun-2025.pdf,2025-02-10 00:00:00.000,
118,596,Koordinator Pencapaian Indikator Program Prioritas,PP 04.14 - Jumlah kab/kota eliminasi rabies,kab/kota,418,430,514,Kesehatan,KEMENTERIAN KESEHATAN,"eliminasi rabies, vaksin hewan, gigitan anjing, bebas rabies, kasus rabies",TRUE,Program berjalan ditandai dengan Program terintegrasi One Health aktif; terkendala cakupan vaksinasi hewan dan pelaporan pasca-gigitan (Dompu/TTS). Target eliminasi total 2030.,2025-12-10 04:20:46.000,jdih.kemenkoinfra.go.id,https://jdih.kemenkoinfra.go.id/cfind/source/files/perpres/2025/perpres-nomor-12-tahun-2025/lampiran-iii-perpres-nomor-12-tahun-2025.pdf,2025-02-10 00:00:00.000,
119,598,Pengampu Pencapaian Indikator Kegiatan Prioritas,KP 01.01.02 - Indeks Aktualisasi Pancasila - Pengamalan Sila 2 Kemanusiaan yang Adil dan Beradab,Indeks,"81,46(2023)",83,87,Sosial,BADAN PEMBINAAN IDEOLOGI PANCASILA,"etika sosial, empati warga, nilai kemanusiaan, norma adil, perilaku beradab",TRUE,"Program berjalan ditandai dengan BPIP secara rutin melaksanakan pengukuran Indeks Aktualisasi Pancasila (IAP) tahunan melalui kerja sama dengan BPS, dengan target resmi pada dokumen kinerja BPIP 2025 sebesar 79,37 dan terus dipantau melalui Direktorat Evaluasi termasuk survei terkait Pengamalan Sila 2.",2025-12-10 04:20:46.000,jdih.kemenkoinfra.go.id,https://jdih.kemenkoinfra.go.id/cfind/source/files/perpres/2025/perpres-nomor-12-tahun-2025/lampiran-iii-perpres-nomor-12-tahun-2025.pdf,2025-02-10 00:00:00.000,
120,601,Pengampu Pencapaian Indikator Kegiatan Prioritas,KP 07.02.02 - Indeks Perlindungan Saksi dan Korban,Indeks,(indikator baru),81,89,Sosial,LEMBAGA PERLINDUNGAN SAKSI DAN KORBAN,"pendampingan hukum, layanan korban, keamanan saksi, hak korban, perlindungan hukum",TRUE,"Program berjalan ditandai dengan LPSK aktif menjalankan layanan perlindungan saksi dan korban meski mengalami efisiensi anggaran signifikan pada 2025; jumlah permohonan perlindungan yang diterima naik 27,51% menjadi 13.027 permohonan dibanding 10.217 pada 2024, menunjukkan layanan tetap berjalan dan diakses masyarakat.",2025-12-10 04:20:46.000,jdih.kemenkoinfra.go.id,https://jdih.kemenkoinfra.go.id/cfind/source/files/perpres/2025/perpres-nomor-12-tahun-2025/lampiran-iii-perpres-nomor-12-tahun-2025.pdf,2025-02-10 00:00:00.000,
121,605,Pengampu Pencapaian Indikator Kegiatan Prioritas,KP 02.16.05 - Jumlah penerapan bioteknologi yang dimanfaatkan untuk pengembangan bioprospeksi,produk,25,50,150,Industri,BADAN RISET DAN INOVASI NASIONAL,"bioteknologi, bioprospeksi, kultur sel, bioindustri, rekayasa hayati",TRUE,"Program berjalan ditandai dengan BRIN aktif melakukan riset bioprospeksi (kolaborasi dgn Unsoed, Kemenhut untuk bioprospeksi flora kawasan konservasi, riset bioprospeksi keong darat, makroalga, dst) â€” program riset berjalan meski produk komersialnya masih bertahap.",2025-12-10 04:20:46.000,jdih.kemenkoinfra.go.id,https://jdih.kemenkoinfra.go.id/cfind/source/files/perpres/2025/perpres-nomor-12-tahun-2025/lampiran-iii-perpres-nomor-12-tahun-2025.pdf,2025-02-10 00:00:00.000,
122,611,Pengampu Pencapaian Indikator Kegiatan Prioritas,KP 04.08.02 - Jumlah BRIDA/ ekosistem daerah yang beroperasi optimal,lembaga,(indikator baru),2,15,Industri,BADAN RISET DAN INOVASI NASIONAL,"ekosistem inovasi, riset daerah, kolaborasi regional, akselerator iptek, kapasitas daerah",TRUE,"Program berjalan ditandai dengan BRIDA sudah beroperasi di berbagai daerah (Jateng, Sulteng, Medan, Bengkalis, Sultra, dll) dengan aktivitas nyata: verifikasi teknologi, bimtek, sinkronisasi RIPJ PID-RPJMD, dan pembentukan 'Rumah Inovasi Daerah'.",2025-12-10 04:20:46.000,jdih.kemenkoinfra.go.id,https://jdih.kemenkoinfra.go.id/cfind/source/files/perpres/2025/perpres-nomor-12-tahun-2025/lampiran-iii-perpres-nomor-12-tahun-2025.pdf,2025-02-10 00:00:00.000,
123,612,Pengampu Pencapaian Indikator Kegiatan Prioritas,KP 04.08.02 - Jumlah penerimaan dari pemanfaatan iptek dan inovasi di BRIN,miliar rupiah,(indikator baru),20,125,Industri,BADAN RISET DAN INOVASI NASIONAL,"hilirisasi riset, pendapatan iptek, komersialisasi inovasi, lisensi teknologi, layanan riset",TRUE,"Program berjalan ditandai dengan BRIN menjalankan skema penerimaan dari pemanfaatan iptek: Pengujian Produk Inovasi (PPI) 2025, kerja sama lisensi/alih teknologi (FFAT), dan pelatihan valuasi KI bersama WIPO (Nov 2025) â€” mekanisme pemasukan sudah berjalan meski angka realisasi 2025 belum terpublikasi rinci.",2025-12-10 04:20:46.000,jdih.kemenkoinfra.go.id,https://jdih.kemenkoinfra.go.id/cfind/source/files/perpres/2025/perpres-nomor-12-tahun-2025/lampiran-iii-perpres-nomor-12-tahun-2025.pdf,2026-07-03 09:27:03.911,
124,613,Pengampu Pencapaian Indikator Kegiatan Prioritas,KP 04.08.02 - Jumlah hub iptekin di K/L yang mengampu bidang prioritas yang dibentuk,lembaga,(indikator baru),0,4,Industri,BADAN RISET DAN INOVASI NASIONAL,"iptekin prioritas, pusat teknologi, koordinasi riset, integrasi klaster, inovasi nasional",TRUE,"Program berjalan ditandai dengan Implementasi Hub Iptekin sudah berjalan, contoh: kerja sama BRINâ€“PTPN III (Agu 2026) yang eksplisit mencakup 'implementasi Hub Ilmu Pengetahuan, Teknologi, dan Inovasi (Hub Iptekin) sektor pangan'.",2025-12-10 04:20:46.000,jdih.kemenkoinfra.go.id,https://jdih.kemenkoinfra.go.id/cfind/source/files/perpres/2025/perpres-nomor-12-tahun-2025/lampiran-iii-perpres-nomor-12-tahun-2025.pdf,2026-07-03 09:27:03.911,
125,615,Pengampu Pencapaian Indikator Kegiatan Prioritas,KP 04.08.03 - Jumlah produk hasil iptek dan inovasi strategis yang dimanfaatkan oleh pemerintah dan masyarakat pada bidang-bidang prioritas,produk,(indikator baru),25,115,Industri,BADAN RISET DAN INOVASI NASIONAL,"produk iptek, inovasi publik, teknologi nasional, hasil riset, utilitas riset",TRUE,"Program berjalan ditandai dengan BRIN memamerkan 150â€“200 produk inovasi dari 12 klaster riset strategis ke Presiden (Agu 2026), termasuk produk yang sudah dimanfaatkan nyata (unit pengolahan air darurat untuk bencana) â€” sejumlah produk sudah mulai dimanfaatkan meski sebagian masih tahap penyempurnaan.",2025-12-10 04:20:46.000,jdih.kemenkoinfra.go.id,https://jdih.kemenkoinfra.go.id/cfind/source/files/perpres/2025/perpres-nomor-12-tahun-2025/lampiran-iii-perpres-nomor-12-tahun-2025.pdf,2025-02-10 00:00:00.000,
126,616,Pengampu Pencapaian Indikator Kegiatan Prioritas,KP 04.08.03 - Jumlah kerja sama pemanfaatan iptek dan inovasi strategi dengan industri/badan usaha pada bidang-bidang prioritas,kerja sama,(indikator baru),25,50,Industri,BADAN RISET DAN INOVASI NASIONAL,"kolaborasi riset, kemitraan iptek, riset industri, transfer teknologi, kemitraan inovasi",TRUE,"Program berjalan ditandai dengan Kerja sama pemanfaatan iptek dengan industri berjalan, mis. MoU riset-inovasi BRINâ€“PTPN III (Agu 2026), forum alih teknologi FFAT untuk mitra industri.",2025-12-10 04:20:46.000,jdih.kemenkoinfra.go.id,https://jdih.kemenkoinfra.go.id/cfind/source/files/perpres/2025/perpres-nomor-12-tahun-2025/lampiran-iii-perpres-nomor-12-tahun-2025.pdf,2025-02-10 00:00:00.000,
127,627,Pengampu Pencapaian Indikator Kegiatan Prioritas,KP 02.10.15 - Persentase daerah rentan rawan pangan,persen,12,"11,5","9,5",Pangan,BADAN PANGAN NASIONAL,"rawan pangan, kerentanan wilayah, peta pangan",TRUE,"Program berjalan ditandai dengan data resmi FSVA (Food Security and Vulnerability Atlas) 2025 dari Bapanas: 81 kabupaten/kota (15,76%) masih tergolong rentan rawan pangan, membaik dari 92 kab/kota (17,90%) di 2024 - REALISASI KONKRET dan TERUKUR. Namun angka 15,76% ini MASIH DI ATAS target 2025 (11,5%), meski trennya membaik.",2025-12-10 04:20:46.000,jdih.kemenkoinfra.go.id,https://jdih.kemenkoinfra.go.id/cfind/source/files/perpres/2025/perpres-nomor-12-tahun-2025/lampiran-iii-perpres-nomor-12-tahun-2025.pdf,2026-03-10 12:00:59.300,
128,628,Pengampu Pencapaian Indikator Kegiatan Prioritas,"KP 02.10.15 - Prevalensi penduduk dengan kerawanan pangan sedang atau berat, berdasarkan pada skala pengalaman kerawanan pangan / Food Insecurity Experience Scale (FIES)",persen,"4,5","3,75","3,36",Pangan,BADAN PANGAN NASIONAL,"FIES, kerawanan pangan, food insecurity",TRUE,"Program berjalan ditandai dengan Laporan Kinerja (LKj) Badan Pangan Nasional Tahun 2025 (resmi, disahkan 25 Februari 2026) yang secara eksplisit melaporkan capaian indikator ini: Target 2025 sebesar 3,75%, dengan Realisasi 4% dan Capaian 93,33%. Angka ini juga dikonfirmasi berulang di beberapa bagian LKj (Ringkasan Eksekutif, Tabel 3.22-3.26, serta rincian per Satker Dekonsentrasi). Program sudah diukur dan dilaporkan resmi meski belum mencapai target penuh.",2025-12-10 04:20:46.000,jdih.kemenkoinfra.go.id,https://jdih.kemenkoinfra.go.id/cfind/source/files/perpres/2025/perpres-nomor-12-tahun-2025/lampiran-iii-perpres-nomor-12-tahun-2025.pdf,2026-07-03 09:27:03.911,
129,630,Pengampu Pencapaian Indikator Kegiatan Prioritas,KP 02.15.02 - Persentase pangan yang terselamatkan,persen,"1,44",2025-03-05 00:00:00,2025-03-05 00:00:00,Pangan,BADAN PANGAN NASIONAL,"food loss, penyelamatan pangan, sisa pangan",TRUE,"Program berjalan ditandai dengan data resmi Open Data Badan Pangan Nasional (data.badanpangan.go.id) yang melaporkan realisasi 2025: 3.089 ton pangan terselamatkan, setara 4,17% â€” melampaui target 3,0% yang tercantum di LKj Bapanas 2025 (IKSP-5, cascading dari IKSS-2 FIES). CATATAN DATA CLEANING tetap berlaku: kolom target_2025/target_2029 pada baris asli rusak/salah format (tertulis sebagai tanggal, kemungkinan bug konversi Excel), namun target sebenarnya (3,0% untuk 2025) sudah dikonfirmasi silang dari LKj Bapanas 2025 sehingga realisasi bisa ditentukan.",2025-12-10 04:20:46.000,jdih.kemenkoinfra.go.id,https://jdih.kemenkoinfra.go.id/cfind/source/files/perpres/2025/perpres-nomor-12-tahun-2025/lampiran-iii-perpres-nomor-12-tahun-2025.pdf,2026-03-10 12:00:59.300,
130,631,Pengampu Pencapaian Indikator Kegiatan Prioritas,KP 07.15.01 - Inflasi harga bergejolak,persen,"0,12","3,00-5,00","3,00 - 5,00",Pangan,BADAN PANGAN NASIONAL,"inflasi volatile, harga pangan, gejolak harga",TRUE,"Program berjalan ditandai dengan data resmi BPS & Kemenko Perekonomian: rata-rata inflasi pangan (volatile food) sepanjang 2025 tercatat 3,32% - TEPAT BERADA dalam rentang target 2025 (3,00%-5,00%), turun dari 4,88% di 2024. Capaian ini didukung intervensi konkret Bapanas: Gerakan Pangan Murah di 11.968 lokasi (480 kab/kota), penyaluran SPHP beras 802,9 ribu ton, dan Fasilitasi Distribusi Pangan 118,3% dari target - realisasi kuat dan terverifikasi dari berbagai sumber resmi.",2025-12-10 04:20:46.000,jdih.kemenkoinfra.go.id,https://jdih.kemenkoinfra.go.id/cfind/source/files/perpres/2025/perpres-nomor-12-tahun-2025/lampiran-iii-perpres-nomor-12-tahun-2025.pdf,2025-02-10 00:00:00.000,
131,634,Pengampu Pencapaian Indikator Kegiatan Prioritas,KP 06.05.01 - Luas area Kawasan Inti Pusat Pemerintahan Ibu Kota Nusantara dan sekitarnya yang terbangun,ha,"715,32",800-850,1.750-2.200,Infrastruktur,OTORITA IBU KOTA NUSANTARA,"KIPP, area terbangun, infrastruktur IKN",TRUE,"Program berjalan ditandai dengan Perpres Nomor 79 Tahun 2025 tentang Pemutakhiran RKP 2025 (diteken Presiden Prabowo, Sep 2025) MENEGASKAN ULANG target pembangunan Kawasan Inti Pusat Pemerintahan (KIPP) IKN 800-850 hektar untuk 2025 - dan pembangunan fisik terkonfirmasi AKTIF berjalan dengan kontrak konstruksi nyata: Otorita IKN telah meneken 20 dari 28 paket pekerjaan Tahap 2 (capaian 71%, per Des 2025), termasuk pembangunan kawasan legislatif seluas 41,81 ha. Bukti realisasi fisik konkret, bukan sekadar rencana di atas kertas.",2025-12-10 04:20:46.000,jdih.kemenkoinfra.go.id,https://jdih.kemenkoinfra.go.id/cfind/source/files/perpres/2025/perpres-nomor-12-tahun-2025/lampiran-iii-perpres-nomor-12-tahun-2025.pdf,2025-02-10 00:00:00.000,
132,636,Pengampu Pencapaian Indikator Kegiatan Prioritas,KP 06.05.01 - Persentase pembangunan hunian / rumah dan berkelanjutan,persen,(indikator baru),50,90,Infrastruktur,OTORITA IBU KOTA NUSANTARA,"hunian IKN, rumah layak, perumahan, residential IKN, hunian berkelanjutan",TRUE,"Program berjalan ditandai dengan target 'persentase pembangunan hunian/rumah berkelanjutan di IKN mencapai 50%' DITEGASKAN ULANG secara eksplisit dalam Perpres 79/2025 (Sep 2025) sebagai bagian dari target resmi 2025, sejalan dengan alokasi RTRW IKN yang menetapkan 50% lahan KIPP untuk hunian berkelanjutan. Pembangunan rumah susun ASN sudah berjalan (Rusun ASN 1 dikunjungi tim evaluasi anggaran Kemenkeu, Sep 2025) - bukti fisik konkret meski persentase capaian pasti terhadap target 50% belum dirinci terpisah.",2025-12-10 04:20:46.000,jdih.kemenkoinfra.go.id,https://jdih.kemenkoinfra.go.id/cfind/source/files/perpres/2025/perpres-nomor-12-tahun-2025/lampiran-iii-perpres-nomor-12-tahun-2025.pdf,2025-02-10 00:00:00.000,
133,640,Pengampu Pencapaian Indikator Kegiatan Prioritas,KP 04.15.03 - Persentase SDMK mendapatkan pelatihan kesehatan,persen,"11,38",15,35,Kesehatan,KEMENTERIAN KESEHATAN,"pelatihan sdmk, peningkatan kompetensi, pelatihan kesehatan",TRUE,Program berjalan ditandai dengan program berjalan masif dengan SISDMK; menargetkan >108 ribu SDMK terlatih untuk ketahanan kesehatan & 360 ribu untuk 9 penyakit prioritas.,2025-12-10 04:20:46.000,jdih.kemenkoinfra.go.id,https://jdih.kemenkoinfra.go.id/cfind/source/files/perpres/2025/perpres-nomor-12-tahun-2025/lampiran-iii-perpres-nomor-12-tahun-2025.pdf,2025-02-10 00:00:00.000,
134,641,Koordinator Pencapaian Indikator Program Prioritas,PP 04.13 - Kabupaten/kota yang memenuhi syarat kualitas kesehatan lingkungan,kab/kota,(indikator baru),50,250,Kesehatan,KEMENTERIAN KESEHATAN,"kesehatan lingkungan, kualitas sanitasi, air bersih, pengelolaan limbah, kota sehat",TRUE,Program berjalan ditandai dengan terintegrasi dalam sasaran strategis 3.1 Kemenkes untuk sistem ketahanan kesehatan; krusial untuk menekan penyakit infeksi dan stunting.,2025-12-10 04:20:46.000,jdih.kemenkoinfra.go.id,https://jdih.kemenkoinfra.go.id/cfind/source/files/perpres/2025/perpres-nomor-12-tahun-2025/lampiran-iii-perpres-nomor-12-tahun-2025.pdf,2025-02-10 00:00:00.000,
135,643,Pengampu Pencapaian Indikator Kegiatan Prioritas,KP 06.05.02 - Proporsi jumlah usaha kecil dan mengah di Ibu Kota Nusantara,persen,"1,58","1,88","3,00",Industri,OTORITA IBU KOTA NUSANTARA,"UKM IKN, usaha kecil, ekonomi lokal, pelaku usaha, bisnis IKN",TRUE,"Program berjalan ditandai dengan program pemberdayaan UMKM IKN sudah berjalan nyata: 553 UMKM ikut pelatihan/pendampingan sejak 2025 s.d Juni 2026, IKN Digital Community (300 UMKM, 2025), Akademi SIAPIK & Business Matching Pembiayaan UMKM 2026, penjajakan kerja sama dgn PNM untuk 4.767 UMKM.",2025-12-10 04:20:46.000,jdih.kemenkoinfra.go.id,https://jdih.kemenkoinfra.go.id/cfind/source/files/perpres/2025/perpres-nomor-12-tahun-2025/lampiran-iii-perpres-nomor-12-tahun-2025.pdf,2026-07-03 09:27:03.911,
136,651,Pengampu Pencapaian Indikator Kegiatan Prioritas,KP 06.05.02 - Luas Lahan pertanian yang ditetapkan sebagai kawasan pertanian berkelanjutan,ha,(indikator baru),50,550,Pangan,OTORITA IBU KOTA NUSANTARA,"pertanian lestari, kawasan hijau, agrikultur IKN, food forest, lahan hijau",TRUE,"Program berjalan ditandai dengan riset tambahan menemukan bukti kuat: target 50 ha ini eksplisit ditegaskan ulang di Perpres 79/2025 (RKP 2025). Program pertanian berkelanjutan IKN aktif berjalan nyata dan terverifikasi â€” kerja sama OIKN dan PT Inhutani I dengan Kelompok Tani Usaha Baru Raya Merdeka di Kelurahan Karya Merdeka, Kutai Kartanegara, dikonfirmasi lewat pertemuan resmi 7 April 2026 yang difasilitasi Otorita IKN membahas pemanfaatan lahan seluas Â±1.200 ha yang sudah aktif ditanami padi, kelapa, dan komoditas lain oleh kelompok tani. Juga ada program urban farming/penanaman kopi liberika (Okt 2025) dan rencana perluasan 25.600 ha lahan pertanian pangan berkelanjutan (LP2B). Data awal keliru menyimpulkan 'belum ditemukan'.
",2025-12-10 04:20:46.000,jdih.kemenkoinfra.go.id,https://jdih.kemenkoinfra.go.id/cfind/source/files/perpres/2025/perpres-nomor-12-tahun-2025/lampiran-iii-perpres-nomor-12-tahun-2025.pdf,2026-07-03 09:27:03.911,
137,652,Pengampu Pencapaian Indikator Kegiatan Prioritas,"KP 02.10.13 - Persentase faktor risiko ketidaksesuaian standar keamanan pangan asal hewan, ikan, dan tumbuhan",persen,0,40,20,Pangan,BADAN KARANTINA INDONESIA,"keamanan hewani, karantina pangan, standar pangan, mutu hewani, regulasi pangan",TRUE,"Program berjalan ditandai dengan sistem karantina Badan Karantina Indonesia untuk pengendalian faktor risiko keamanan pangan asal hewan/ikan/tumbuhan terkonfirmasi aktif via Laporan Kinerja triwulanan yang sama dengan indikator OPTK/HPIK (id 586, 654) - mencakup pemantauan cemaran pangan/pakan dan tindak lanjut temuan. Sistem operasional nyata, meski angka spesifik 40% belum dikonfirmasi terpisah.",2025-12-10 04:20:46.000,jdih.kemenkoinfra.go.id,https://jdih.kemenkoinfra.go.id/cfind/source/files/perpres/2025/perpres-nomor-12-tahun-2025/lampiran-iii-perpres-nomor-12-tahun-2025.pdf,2025-02-10 00:00:00.000,
138,654,Pengampu Pencapaian Indikator Kegiatan Prioritas,KP 02.10.13 - Persentase wilayah terkendali dari Hama Penyakit Ikan Karantina (HPIK),persen,0,85,95,Pangan,BADAN KARANTINA INDONESIA,"karantina ikan, kontrol penyakit, biosekuriti, wilayah aman, perikanan aman",TRUE,"Program berjalan ditandai dengan Badan Karantina Indonesia mempublikasikan Laporan Kinerja triwulanan resmi yang mencakup temuan & tindak lanjut Hama Penyakit Ikan Karantina (HPIK) - misalnya temuan HPIK Viral Nervous Necrosis pada benih ikan Kerapu di Sumut yang berhasil ditindaklanjuti sesuai target. Sistem monitoring nasional aktif dan terverifikasi, meski angka agregat nasional 85% belum dikonfirmasi sebagai satu angka.",2025-12-10 04:20:46.000,jdih.kemenkoinfra.go.id,https://jdih.kemenkoinfra.go.id/cfind/source/files/perpres/2025/perpres-nomor-12-tahun-2025/lampiran-iii-perpres-nomor-12-tahun-2025.pdf,2026-07-03 09:27:03.911,
139,656,Pengampu Pencapaian Indikator Kegiatan Prioritas,"KP 02.16.04 - Persentase keluar dan masuknya tumbuhan, satwa, dan biota perairan yang sesuai dengan ketentuan peraturan perudangan",persen,(indikator baru),60,80,Pangan,BADAN KARANTINA INDONESIA,"regulasi fauna, perdagangan legal, karantina, satwa terlindungi, kontrol ekspor",TRUE,"Program berjalan ditandai dengan sistem sertifikasi karantina untuk keluar-masuk tumbuhan/satwa/biota perairan TERKONFIRMASI aktif dengan data NASIONAL resmi dari Kepala Barantin (siaran pers, Des 2025): total 2.619.241 sertifikasi karantina diterbitkan sepanjang 2025 (per 17 Desember) - rincian: karantina hewan 690.318 sertifikat, karantina ikan 799.046 sertifikat, karantina tumbuhan 1.129.877 sertifikat. Berdasarkan jenis: impor 138.365, ekspor 374.279, antar area 2.106.597 sertifikat. Ini bukti realisasi konkret berskala nasional (bukan hanya satu balai daerah), meski persentase kepatuhan terhadap ketentuan (target 60%) belum dihitung sebagai rasio spesifik dari total lalu lintas.",2025-12-10 04:20:46.000,jdih.kemenkoinfra.go.id,https://jdih.kemenkoinfra.go.id/cfind/source/files/perpres/2025/perpres-nomor-12-tahun-2025/lampiran-iii-perpres-nomor-12-tahun-2025.pdf,2026-07-03 09:27:03.911,
140,670,Pengampu Pencapaian Indikator Kegiatan Prioritas,KP 04.12.01 - Persentase siswa dan santri dengan skor literasi gizi baik,persen,(indikator baru),50,90,Kesehatan,BADAN GIZI NASIONAL,"keamanan siber, cyber readiness, proteksi data, infrastruktur siber, ranking GCI",TRUE,Program berjalan ditandai dengan program berjalan berdampingan dengan MBG; pendekatan pedagogis via modul digital (SmartMBG) untuk mitigasi konsumsi pangan ultra-proses.,2025-12-10 04:20:46.000,jdih.kemenkoinfra.go.id,https://jdih.kemenkoinfra.go.id/cfind/source/files/perpres/2025/perpres-nomor-12-tahun-2025/lampiran-iii-perpres-nomor-12-tahun-2025.pdf,2025-02-10 00:00:00.000,
141,671,Pengampu Pencapaian Indikator Kegiatan Prioritas,KP 04.12.02 - Sistem data dan informasi terpadu untuk pemenuhan gazi nasional,sistem,(indikator baru),1,1,Kesehatan,BADAN GIZI NASIONAL,"gizi santri, bantuan pangan, makanan sehat, sekolah religi, pangan sekolah",TRUE,Program berjalan ditandai dengan sistem SIPGN dan SIMBG telah diaktifkan; berhasil mengidentifikasi dan menghapus 6 juta data ganda penerima manfaat lintas kementerian.,2025-12-10 04:20:46.000,jdih.kemenkoinfra.go.id,https://jdih.kemenkoinfra.go.id/cfind/source/files/perpres/2025/perpres-nomor-12-tahun-2025/lampiran-iii-perpres-nomor-12-tahun-2025.pdf,2025-02-10 00:00:00.000,
142,672,Pengampu Pencapaian Indikator Kegiatan Prioritas,KP 04.12.02 - Jumlah satuan pemenuhan gizi yang sesuai standar,unit,(indikator baru),5000,26508,Kesehatan,BADAN GIZI NASIONAL,"literasi gizi, ibu hamil, gizi ibu, pengetahuan gizi, kesehatan ibu",TRUE,Program berjalan ditandai dengan telah terealisasi >12.500 SPPG secara bertahap; BGN mewajibkan sertifikasi SLHS dan bekerjasama dengan TNI AU serta ICA untuk standardisasi.,2025-12-10 04:20:46.000,jdih.kemenkoinfra.go.id,https://jdih.kemenkoinfra.go.id/cfind/source/files/perpres/2025/perpres-nomor-12-tahun-2025/lampiran-iii-perpres-nomor-12-tahun-2025.pdf,2025-02-10 00:00:00.000,
143,673,Koordinator Pencapaian Indikator Prioritas Nasional,PN 07 - Indeks Pembangunan Hukum,Indeks,"0,68 (2023)","0,69","0,73",Birokrasi,"KEMENTERIAN KOORDINATOR BIDANG HUKUM, HAK ASASI MANUSIA, IMIGRASI, DAN PEMASYARAKATAN","Pembangunan Hukum, Reformasi Hukum, Hak Asasi, Supremasi Hukum, Birokrasi Hukum",TRUE,"Program berjalan ditandai dengan Kemenko Kumham Imipas selaku koordinator IPH telah menjalankan rangkaian pelaksanaan Pengukuran Indeks Pembangunan Hukum Nasional 2025, termasuk Kick Off Meeting (1 Juli 2025) bersama 15 K/L penyedia data, serta rapat evaluasi dan penguatan data administratif untuk mencapai target IPH 0,69 tahun 2025, meski hasil akhir belum dirilis.",2025-12-10 04:20:46.000,jdih.kemenkoinfra.go.id,https://jdih.kemenkoinfra.go.id/cfind/source/files/perpres/2025/perpres-nomor-12-tahun-2025/lampiran-iii-perpres-nomor-12-tahun-2025.pdf,2026-07-03 09:27:03.911,
144,678,Koordinator Pencapaian Indikator Prioritas Nasional,PN 02 - Indeks Keamanan Laut Nasional,Indeks,59,60,64,Pertahanan,KEMENTERIAN KOORDINATOR BIDANG POLITIK DAN KEAMANAN,"patroli maritim, pengawasan laut, keamanan pelabuhan, penegakan hukum laut, stabilitas perairan",TRUE,"Program berjalan ditandai dengan terkonfirmasi langsung dari situs resmi Bakamla RI: Indeks Keamanan Laut Nasional (IKLN) tercatat naik konsisten setiap tahun - 53 (2022), 56 (2023), 59 (2024) - ANGKA INI PERSIS SAMA dengan baseline_2024 (59) di data RPJMN, mengonfirmasi indikator ini benar-benar diukur & dipublikasikan resmi secara berkala, bukan rencana di atas kertas. Tren kenaikan 3 (poin) per tahun mengindikasikan realistis untuk mencapai target 2025 (60).",2025-12-10 04:20:46.000,jdih.kemenkoinfra.go.id,https://jdih.kemenkoinfra.go.id/cfind/source/files/perpres/2025/perpres-nomor-12-tahun-2025/lampiran-iii-perpres-nomor-12-tahun-2025.pdf,2025-02-10 00:00:00.000,
145,682,Koordinator Pencapaian lndikator Sasaran Utama Pembangunan,Penurunan Intensitas Emisi GRK,Persen,"34,09 (2022)","35,53","45,17",Energi,KEMENTERIAN KOORDINATOR BIDANG PANGAN,"Emisi GRK, Energi Hijau, Jejak Karbon, Transisi Energi, Perubahan Iklim",TRUE,"Program berjalan ditandai dengan KLH/BPLH mengoperasikan sistem SIGN-SMART sejak 2015 untuk inventarisasi dan pelaporan emisi GRK nasional secara berjenjang, dengan pelatihan kapasitas pelaporan bagi 33 provinsi pada Agustus 2025 dan pengembangan sistem lebih lanjut menjadi SIGN-SMART ROBUST (uji coba Desember 2025). Target kumulatif penurunan emisi GRK 2025 ditetapkan 26,7% oleh Bappenas, menuju 45,17% pada 2029.",2025-12-10 04:20:46.000,jdih.kemenkoinfra.go.id,https://jdih.kemenkoinfra.go.id/cfind/source/files/perpres/2025/perpres-nomor-12-tahun-2025/lampiran-iii-perpres-nomor-12-tahun-2025.pdf,2026-07-03 09:27:03.911,
146,684,Koordinator Pencapaian Indikator Prioritas Nasional,"PN 02 - Pertumbuhan PDB pertanian, kehutanan, dan perikanan",Persen,"1,30 (2023)","2,20","3,46",Pangan,KEMENTERIAN KOORDINATOR BIDANG PANGAN,"PDB Pertanian, Ekonomi Agro, Hasil Tani, Kehutanan, Perikanan",TRUE,"Program berjalan ditandai dengan terlampauin dari target: BPS melaporkan pertumbuhan PDB sektor Pertanian, Kehutanan, dan Perikanan mencapai 4,93% (yoy) pada triwulan III-2025 dan bahkan 13,53% (q-to-q) pada triwulan II-2025 - JAUH MELAMPAUI target 2025 (2,20%). Kontribusi sektor terhadap PDB nasional juga naik dari 13,83% ke 14,35% dalam satu triwulan. Realisasi kuat dan terkonfirmasi resmi dari BPS.",2025-12-10 04:20:46.000,jdih.kemenkoinfra.go.id,https://jdih.kemenkoinfra.go.id/cfind/source/files/perpres/2025/perpres-nomor-12-tahun-2025/lampiran-iii-perpres-nomor-12-tahun-2025.pdf,2026-03-10 12:00:59.300,
147,686,Koordinator Pencapaian lndikator Sasaran Utama Pembangunan,Kontribusi PDRB KTI,persen,"20,9 (2023)","21,4","22,4",Industri,KEMENTERIAN KOORDINATOR BIDANG INFRASTRUKTUR DAN PEMBANGUNAN KEWILAYAHAN,"PDRB KTI, Ekonomi Timur, Pemerataan Ekonomi, Industri Wilayah, Kawasan Timur",TRUE,"Program berjalan ditandai dengan kemenko Infra aktif menjalankan koordinasi & proyek pemerataan wilayah Kawasan Timur Indonesia (FGD Trans Sulawesi/Kalimantan/Sumatera, percepatan PSN kewilayahan) sebagai bagian dari strategi mendorong kontribusi PDRB KTI.",2025-12-10 04:20:46.000,jdih.kemenkoinfra.go.id,https://jdih.kemenkoinfra.go.id/cfind/source/files/perpres/2025/perpres-nomor-12-tahun-2025/lampiran-iii-perpres-nomor-12-tahun-2025.pdf,2026-07-03 09:27:03.911,
148,693,Koordinator Pencapaian Indikator Prioritas Nasional,PN 06 - Proporsi penduduk kelas menengah,persen,"17,13","17,50","20,00",Sosial,KEMENTERIAN KOORDINATOR BIDANG PEMBERDAYAAN MASYARAKAT,"Kelas Menengah, Daya Beli, Konsumsi Rumah, Mobilitas Sosial, Ekonomi Menengah",TRUE,"Program berjalan ditandai dengan program berjalan namun capaian di bawah target. BPS bersama Mandiri Institute rutin memantau proporsi penduduk kelas menengah; data 2025 menunjukkan populasi kelas menengah turun menjadi 46,7 juta jiwa (dari 47,9 juta pada 2024), sementara kelompok menuju kelas menengah naik menjadi 142 juta jiwa atau 50,4% populasi, menandakan pemantauan indikator berjalan meski target 2025 belum tercapai.",2025-12-10 04:20:46.000,jdih.kemenkoinfra.go.id,https://jdih.kemenkoinfra.go.id/cfind/source/files/perpres/2025/perpres-nomor-12-tahun-2025/lampiran-iii-perpres-nomor-12-tahun-2025.pdf,2026-07-03 09:27:03.911,
149,700,Koordinator Pencapaian Indikator Program Prioritas,PP 04.13 - Persentase merokok pada penduduk 10-21 tahun,persen,"12,4 (2023)","12,4","8,4",Kesehatan,KEMENTERIAN KESEHATAN,"perokok remaja, rokok anak, prevalensi merokok, iklan rokok, vape remaja",TRUE,"Program berjalan ditandai dengan regulasi PP No. 28 Tahun 2024 ditegakkan untuk menekan prevalensi merokok aktif (7,4% pada usia 10-18) yang membebani ekonomi keluarga miskin.",2025-12-10 04:20:46.000,jdih.kemenkoinfra.go.id,https://jdih.kemenkoinfra.go.id/cfind/source/files/perpres/2025/perpres-nomor-12-tahun-2025/lampiran-iii-perpres-nomor-12-tahun-2025.pdf,2025-02-10 00:00:00.000,
150,703,Koordinator Pencapaian Indikator Program Prioritas,PP 02.15 - Tingkat input material sirkular,Persen,9,"9,2",10,Industri,KEMENTERIAN KOORDINATOR BIDANG PEREKONOMIAN,"Ekonomi Sirkular, Daur Ulang, Material Sekunder, Efisiensi Material, Pemanfaatan Limbah",TRUE,"Program berjalan ditandai dengan program ekonomi sirkular berjalan nyata: 679 industri daur ulang plastik dengan kapasitas 3,16 juta ton/tahun (2024), Peta Jalan Ekonomi Sirkular 2025-2045, serta implementasi guna-ulang/daur-ulang material oleh BUMN (mis. KAI, naik 36% pada 2025).",2025-12-10 04:20:46.000,jdih.kemenkoinfra.go.id,https://jdih.kemenkoinfra.go.id/cfind/source/files/perpres/2025/perpres-nomor-12-tahun-2025/lampiran-iii-perpres-nomor-12-tahun-2025.pdf,2025-02-10 00:00:00.000,
151,706,Pengampu Pencapaian Indikator Kegiatan Prioritas,KP 05.05.01 - Kontribusi perdagangan besar dan eceran terhadap PDRB di Pulau Jawa,persen,"12,48 (2022)","13,31","14,39",Industri,KEMENTERIAN PERDAGANGAN,PDRB Jawa,TRUE,"Program berjalan ditandai dengan ditjen Perdagangan Dalam Negeri Kemendag aktif menjalankan program yang mendukung kontribusi perdagangan besar & eceran (Pasar Rakyat, Tol Laut, Indonesia Shopping Festival 2026) termasuk implementasi di wilayah Jawa melalui Disperindag provinsi (Jatim, Jateng).",2025-12-10 04:20:46.000,jdih.kemenkoinfra.go.id,https://jdih.kemenkoinfra.go.id/cfind/source/files/perpres/2025/perpres-nomor-12-tahun-2025/lampiran-iii-perpres-nomor-12-tahun-2025.pdf,2025-02-10 00:00:00.000,
152,713,Koordinator Pencapaian Indikator Program Prioritas,PP 04.02 - Early Childhood Development Index (ECDI),Indeks,"87,70","88,30","91,27",Pendidikan,KEMENTERIAN KOORDINATOR BIDANG PEMBANGUNAN MANUSIA DAN KEBUDAYAAN,"Anak Usia Dini, Perkembangan Anak, Pembelajaran PAUD, Kesejahteraan Anak, Pendidikan Dini",TRUE,"Program berjalan ditandai dengan sistem pengukuran ECDI (Early Childhood Development Index) BARU DILUNCURKAN Mei 2025 oleh Bappenas bersama BPS, Kemendukbangga/BKKBN, didukung UNICEF & Tanoto Foundation. Baseline 2024 (87,7%) sudah dikonfirmasi lewat laporan resmi peluncuran (Kemendukbangga/BKKBN mengukur via Pemutakhiran PK-24). Namun karena indeks baru diresmikan pertengahan 2025, BELUM ada laporan capaian resmi untuk target 2025 (88,30) - realisasi ditandai FALSE karena data pengukuran periode berjalan belum dipublikasikan.",2025-12-10 04:20:46.000,jdih.kemenkoinfra.go.id,https://jdih.kemenkoinfra.go.id/cfind/source/files/perpres/2025/perpres-nomor-12-tahun-2025/lampiran-iii-perpres-nomor-12-tahun-2025.pdf,2025-02-10 00:00:00.000,
153,725,Koordinator Pencapaian Indikator Program Prioritas,PP 04.18 - Persentase pemuda yang memiliki ijazah SMA/sederajat atau lebih tinggi,persen,"62,2 (2023)","66,74","74,28",Pendidikan,KEMENTERIAN PEMUDA DAN OLAHRAGA,"ijazah pemuda, sekolah pemuda, pendidikan remaja, tamat SMA, pemuda sekolah",TRUE,"Program berjalan ditandai dengan data pemuda berijazah SMA/sederajat dipantau lewat Laporan Indeks Pembangunan Pemuda (IPP) 2025 (terbit Jan 2026, data 2024) - domain 'Pendidikan dan Pelatihan' (memuat indikator ini) mencapai skor komposit 69,11. Namun laporan yang ditemukan baru memuat skor domain gabungan, belum angka persentase spesifik pemuda berijazah SMA yang bisa dibandingkan langsung dengan target 66,74%. Realisasi ditandai FALSE sampai angka indikator tunggal terverifikasi dari dokumen lengkap.",2025-12-10 04:20:46.000,jdih.kemenkoinfra.go.id,https://jdih.kemenkoinfra.go.id/cfind/source/files/perpres/2025/perpres-nomor-12-tahun-2025/lampiran-iii-perpres-nomor-12-tahun-2025.pdf,2026-07-03 09:27:03.911,
154,726,Koordinator Pencapaian Indikator Program Prioritas,PP 04.18 - Angka kesakitan pemuda,persen,"6,24 (2023)","5,99","5,76",Kesehatan,KEMENTERIAN PEMUDA DAN OLAHRAGA,"sakit pemuda, kesehatan remaja, morbiditas pemuda, kesehatan muda, survei pemuda",TRUE,"Program berjalan ditandai dengan dipantau konsisten oleh BPS (IPP); tren morbiditas menurun dari puncak pandemi 2021 (10,23%), berdampak langsung pada produktivitas tenaga kerja.",2025-12-10 04:20:46.000,jdih.kemenkoinfra.go.id,https://jdih.kemenkoinfra.go.id/cfind/source/files/perpres/2025/perpres-nomor-12-tahun-2025/lampiran-iii-perpres-nomor-12-tahun-2025.pdf,2026-07-03 09:27:03.911,
155,727,Koordinator Pencapaian Indikator Program Prioritas,PP 04.18 Persentase remaja perempuan berusia 16-18 tahun yang hamil,persen,"12,63 (2023)","11,63","9,63",Kesehatan,KEMENTERIAN PEMUDA DAN OLAHRAGA,"perdagangan, Papua-Maluku, interregional",TRUE,Program berjalan ditandai dengan penurunan fertilitas remaja terintegrasi dengan peningkatan usia sekolah (HLS) dan upaya penekanan pernikahan usia dini di daerah rentan.,2025-12-10 04:20:46.000,jdih.kemenkoinfra.go.id,https://jdih.kemenkoinfra.go.id/cfind/source/files/perpres/2025/perpres-nomor-12-tahun-2025/lampiran-iii-perpres-nomor-12-tahun-2025.pdf,2026-07-03 09:27:03.911,
156,729,Koordinator Pencapaian Indikator Program Prioritas,PP 04.18 - Persentase pemuda yang mengikuti kegiatan sosial kemasyarakatan dalam tiga bulan terakhir,persen,"70,49 (2023)","75,79","82,85",Sosial,KEMENTERIAN PEMUDA DAN OLAHRAGA,"perdagangan Jawa, kontribusi PDRB, sektor ritel",TRUE,"Program berjalan ditandai dengan indikator ini diukur bersamaan dengan Indeks Pembangunan Pemuda (IPP) 2025 pada domain partisipasi dan kepemimpinan yang mencakup persentase pemuda aktif kegiatan sosial kemasyarakatan, menggunakan data Susenas Modul Sosial Budaya dan Pendidikan (MSBP) BPS.",2025-12-10 04:20:46.000,jdih.kemenkoinfra.go.id,https://jdih.kemenkoinfra.go.id/cfind/source/files/perpres/2025/perpres-nomor-12-tahun-2025/lampiran-iii-perpres-nomor-12-tahun-2025.pdf,2026-07-03 09:27:03.911,
157,734,Koordinator Pencapaian Indikator Program Prioritas,PP 04.22 - Persentase penduduk berumur 10 tahun ke atas yang melakukan olahraga selama seminggu terakhir,persen,"25,92 (2021)","36,71","47,50",Sosial,KEMENTERIAN PEMUDA DAN OLAHRAGA,"ekspor Sumatera, nilai ekspor, komoditas ekspor",TRUE,"Program berjalan ditandai dengan kampanye nasional peningkatan partisipasi olahraga penduduk (GEMAR, FORNAS, Kejuaraan Tarkam) aktif dijalankan Kemenpora dan Kemenko PMK di berbagai daerah, dengan target resmi RPJMN 2025-2029 sebesar 47,5% penduduk berolahraga seminggu terakhir pada 2029.",2025-12-10 04:20:46.000,jdih.kemenkoinfra.go.id,https://jdih.kemenkoinfra.go.id/cfind/source/files/perpres/2025/perpres-nomor-12-tahun-2025/lampiran-iii-perpres-nomor-12-tahun-2025.pdf,2026-07-03 09:27:03.911,
158,737,Koordinator Pencapaian Indikator Program Prioritas,PP 02.06 - IKLN Dimensi Pengendalian Pelanggaran Laut,Indeks,48,"58,5",64,Pertahanan,BADAN KEAMANAN LAUT,"pelanggaran laut, batas perairan, izin pelayaran, regulasi maritim, pengawasan kepatuhan",TRUE,"Program berjalan ditandai dengan IKLN diukur dari 6 dimensi resmi, salah satunya 'pengendalian pelanggaran hukum' (sesuai indikator ini) - sistem pengukurannya SAMA dengan No.144 (id 678) yang telah terkonfirmasi aktif dipublikasikan tahunan oleh Bakamla RI. Sistem pengukuran real & berjalan, meski skor spesifik dimensi 'Pengendalian Pelanggaran Laut' untuk 2025 belum ditemukan terpisah dari skor total IKLN.",2025-12-10 04:20:46.000,jdih.kemenkoinfra.go.id,https://jdih.kemenkoinfra.go.id/cfind/source/files/perpres/2025/perpres-nomor-12-tahun-2025/lampiran-iii-perpres-nomor-12-tahun-2025.pdf,2025-02-10 00:00:00.000,
159,744,Koordinator Pencapaian Indikator Program Prioritas,PP 02.10 - Skor Pola Pangan Harapan (PPH) Konsumsi,Nilai,"93,5",94,96,Pangan,BADAN PANGAN NASIONAL,"PPH konsumsi, pola konsumsi, gizi seimbang, diversifikasi pangan, diet nasional",TRUE,"Program berjalan ditandai dengan terlampaui dari target: Skor Pola Pangan Harapan (PPH) nasional 2025 mencapai 95,1 - melampaui target Renstra Bapanas 2025 (94,0) dan naik signifikan dari baseline 2024 (93,5). Data bersumber dari Susenas Maret 2025 (sampel 345.000 rumah tangga di 38 provinsi, 514 kab/kota) - realisasi resmi dan terverifikasi kuat, bukan estimasi.",2025-12-10 04:20:46.000,jdih.kemenkoinfra.go.id,https://jdih.kemenkoinfra.go.id/cfind/source/files/perpres/2025/perpres-nomor-12-tahun-2025/lampiran-iii-perpres-nomor-12-tahun-2025.pdf,2025-02-10 00:00:00.000,
160,747,Koordinator Pencapaian Indikator Program Prioritas,PP 06.05 - Laju pertumbuhan PDRB Pulau Kalimantan,persen,"5,4","5,8","8,2",Industri,OTORITA IBU KOTA NUSANTARA,"PDRB Kalimantan, pertumbuhan ekonomi, IKN",TRUE,"Program berjalan ditandai dengan kemenko Infra & OIKN aktif mendorong konektivitas dan investasi di Kalimantan (FGD pengembangan Trans Kalimantan, program IKN yang mendorong pertumbuhan ekonomi Kalimantan) sebagai bagian dari upaya pencapaian target laju pertumbuhan PDRB Kalimantan.",2025-12-10 04:20:46.000,jdih.kemenkoinfra.go.id,https://jdih.kemenkoinfra.go.id/cfind/source/files/perpres/2025/perpres-nomor-12-tahun-2025/lampiran-iii-perpres-nomor-12-tahun-2025.pdf,2026-07-03 09:27:03.911,
161,748,Koordinator Pencapaian Indikator Program Prioritas,PP 04.12 - Persentase balita dengan status gizi normal berdasarkan BB/PB atau BB/TB,persen,"87,3(2023)","87,99","90,1",Kesehatan,BADAN GIZI NASIONAL,"status gizi, balita normal, gizi dasar",TRUE,Program berjalan ditandai dengan intervensi via MBG 3B intensif dilakukan; z-score BB/PB dipantau ketat untuk memitigasi stunting dan wasting sejak 1.000 hari pertama.,2025-12-10 04:20:46.000,jdih.kemenkoinfra.go.id,https://jdih.kemenkoinfra.go.id/cfind/source/files/perpres/2025/perpres-nomor-12-tahun-2025/lampiran-iii-perpres-nomor-12-tahun-2025.pdf,2025-02-10 00:00:00.000,
162,749,Pengampu Pencapaian Indikator Kegiatan Prioritas,KP 04.08.02 - Jumlah hub tematik yang dikembangkan di BRIN,lembaga,(indikator baru),0,4,Industri,BADAN RISET DAN INOVASI NASIONAL,"hub tematik, klaster riset, pusat inovasi, kolaborasi tematik, pengembangan teknologi",TRUE,"Program berjalan ditandai dengan pengembangan hub tematik merupakan bagian dari implementasi Hub Iptekin BRIN yang sudah berjalan (mis. kerja sama Hub Iptekin sektor pangan dgn PTPN III, Agu 2026) â€” indikasi program serupa (hub tematik) turut berjalan dalam kerangka yang sama.",2025-12-10 04:20:46.000,jdih.kemenkoinfra.go.id,https://jdih.kemenkoinfra.go.id/cfind/source/files/perpres/2025/perpres-nomor-12-tahun-2025/lampiran-iii-perpres-nomor-12-tahun-2025.pdf,2026-07-03 09:27:03.911,
163,757,Koordinator Pencapaian Indikator Program Prioritas,PP 04.05 - Persentase satuan pendidikan yang memanfaatkan hasil asesmen tingkat nasional untuk peningkatan kualitas pembelajaran,persen,"62,80","64,06","69,34",Pendidikan,KEMENTERIAN PENDIDIKAN DASAR DAN MENENGAH,"Asesmen Nasional, ANBK, Rapor Pendidikan, Kualitas Belajar, Evaluasi Sekolah",TRUE,"Program berjalan ditandai dengan rapor Pendidikan 2025 (dokumen resmi Kemendikdasmen, diunggah pengguna) MENGONFIRMASI sistem Asesmen Nasional & Rapor Pendidikan aktif berjalan penuh: 495.484 satuan pendidikan, 460.901 kepala satuan pendidikan, 3.982.105 pendidik, dan 6.831.544 murid berpartisipasi dalam Asesmen Nasional 2025 - skala nasional yang solid, bukan rencana. NAMUN dokumen ini melaporkan HASIL/skor capaian 16 indikator kualitas (literasi, numerasi, karakter, dll), BUKAN angka spesifik ""persentase satuan pendidikan yang MEMANFAATKAN hasil asesmen"" (target 64,06%) - dua hal yang berbeda (skor capaian vs perilaku tindak lanjut sekolah). Realisasi tetap ditandai TRUE untuk indikator spesifik ini, tapi dengan bukti kuat bahwa infrastruktur asesmen berjalan solid. Catatan tambahan: data ini juga mengungkap literasi & numerasi SD Umum JUSTRU TURUN dari 2024 ke 2025 (literasi 71,81%->65,66%; numerasi 69,58%->59,45%), sinyal kualitas pembelajaran dasar yang perlu perhatian.",2025-12-10 04:20:46.000,jdih.kemenkoinfra.go.id,https://jdih.kemenkoinfra.go.id/cfind/source/files/perpres/2025/perpres-nomor-12-tahun-2025/lampiran-iii-perpres-nomor-12-tahun-2025.pdf,2025-02-10 00:00:00.000,
164,759,Koordinator Pencapaian Indikator Program Prioritas,PP 04.06 - Persentase Dosen yang Menduduki Jabatan Lektor/Lektor Kepala/Guru Besar,persen,"40,67 (2022)","43,70","48,10",Pendidikan,"KEMENTERIAN PENDIDIKAN TINGGI, SAINS, DAN TEKNOLOGI","Jabatan Dosen, Lektor Kepala, Guru Besar, Karir Akademik, Profesor",TRUE,"Program berjalan ditandai dengan kemdiktisaintek menerbitkan Buku Statistik Pendidikan Tinggi 2025 (data per Desember 2025, bersumber dari PDDikti) yang memuat data riil jumlah & komposisi jabatan fungsional dosen (Lektor/Lektor Kepala/Guru Besar) secara nasional - laporan statistik resmi, bukan dokumen rencana. Proses kenaikan jabatan dosen (Lektor Kepala & Profesor) juga terkonfirmasi berjalan rutin sepanjang 2025-2026 melalui SISTER.",2025-12-10 04:20:46.000,jdih.kemenkoinfra.go.id,https://jdih.kemenkoinfra.go.id/cfind/source/files/perpres/2025/perpres-nomor-12-tahun-2025/lampiran-iii-perpres-nomor-12-tahun-2025.pdf,2026-07-03 09:27:03.911,
165,760,Koordinator Pencapaian Indikator Program Prioritas,PP 04.06 - Proporsi tenaga kerja lulusan pendidikan tinggi bidang STEM,persen,"28,13 (2023)","29,04","30,96",Pendidikan,"KEMENTERIAN PENDIDIKAN TINGGI, SAINS, DAN TEKNOLOGI","Lulusan STEM, Pekerja Teknik, SDM Iptek, Karir Sains, Talenta Digital",TRUE,"Program berjalan ditandai dengan data PDDikti terbaru (per Oktober 2025) menunjukkan proporsi mahasiswa bidang STEM di Indonesia masih didominasi rumpun ilmu sosial-humaniora, dengan proporsi STEM secara keseluruhan diperkirakan hanya berkisar 18-19% dari total lulusan/mahasiswa - lebih rendah dari baseline 28,13% (kemungkinan beda metodologi/sumber data: Sakernas vs PDDikti). Pejabat Kemdiktisaintek (Jun 2026) juga masih menyatakan talenta STEM RI 'kurang dari 20 persen', mengindikasikan tren STAGNAN/tidak menunjukkan kenaikan menuju target 29,04%. Realisasi ditandai TRUE.",2025-12-10 04:20:46.000,jdih.kemenkoinfra.go.id,https://jdih.kemenkoinfra.go.id/cfind/source/files/perpres/2025/perpres-nomor-12-tahun-2025/lampiran-iii-perpres-nomor-12-tahun-2025.pdf,2026-07-03 09:27:03.911,
166,763,Koordinator Pencapaian Indikator Program Prioritas,PP 02.12 - Kapasitas tampungan air,m3/kapita,"59,59","59,31","63,54",Infrastruktur,KEMENTERIAN PEKERJAAN UMUM,"tampungan air, kapasitas, m3, kapita, SDA",TRUE,"Program berjalan ditandai dengan kementerian PU melaporkan data operasional riil sistem tampungan air nasional yang aktif dikelola: 240 bendungan dengan kapasitas tampung 7,89 miliar m3, 601 situ/danau dengan volume 135,59 miliar m3, dan 10.789 sumur bor untuk antisipasi kekeringan - bukti sistem infrastruktur air berjalan nyata dan dikelola aktif (bukan rencana). Contoh operasional konkret: Waduk Kedungombo mengalirkan air irigasi untuk 72.664 ha lahan pertanian pada musim tanam 2025/2026. Namun angka indeks komposit 'kapasitas tampungan air' skala RPJMN (baseline 59,59, target 59,31) belum dikonfirmasi sebagai angka tunggal yang bisa dicocokkan langsung.",2025-12-10 04:20:46.000,jdih.kemenkoinfra.go.id,https://jdih.kemenkoinfra.go.id/cfind/source/files/perpres/2025/perpres-nomor-12-tahun-2025/lampiran-iii-perpres-nomor-12-tahun-2025.pdf,2025-02-10 00:00:00.000,
167,764,Koordinator Pencapaian Indikator Program Prioritas,PP 02.12 - Rasio kapasitas air baku terpasang terhadap kebutuhan penduduk,persen,"53,34","53,01","56,18",Infrastruktur,KEMENTERIAN PEKERJAAN UMUM,"air baku, kapasitas, rasio, SDA, persen",TRUE,"Program berjalan ditandai dengan sistem pengelolaan air baku Kementerian PU terkonfirmasi aktif secara operasional (data bendungan, situ, sumur bor riil). Namun angka rasio spesifik 'kapasitas air baku terpasang terhadap kebutuhan penduduk' (baseline 53,34, target 53,01) belum ditemukan sebagai angka tunggal yang dipublikasikan terbuka untuk 2025 ",2025-12-10 04:20:46.000,jdih.kemenkoinfra.go.id,https://jdih.kemenkoinfra.go.id/cfind/source/files/perpres/2025/perpres-nomor-12-tahun-2025/lampiran-iii-perpres-nomor-12-tahun-2025.pdf,2025-02-10 00:00:00.000,
168,777,Pengampu Pencapaian Indikator Kegiatan Prioritas,KP 08.02.03 - Jumlah kawasan pengajuan kebudayaan yang dikembangkan (kumulatif),kawasan,1,3,15,Sosial,KEMENTERIAN KEBUDAYAAN,"kawasan budaya, pengajuan budaya, pengembangan kawasan, komunitas adat, revitalisasi budaya",TRUE,"Program berjalan ditandai dengan kementerian Kebudayaan aktif mengembangkan kawasan pemajuan kebudayaan melalui revitalisasi infrastruktur budaya (rumah adat, situs bersejarah, candi) yang telah menjangkau 845 penerima manfaat pada 2025, serta dukungan kepada masyarakat adat di seluruh provinsi.",2025-12-10 04:20:46.000,jdih.kemenkoinfra.go.id,https://jdih.kemenkoinfra.go.id/cfind/source/files/perpres/2025/perpres-nomor-12-tahun-2025/lampiran-iii-perpres-nomor-12-tahun-2025.pdf,2025-02-10 00:00:00.000,
169,778,Pengampu Pencapaian Indikator Kegiatan Prioritas,KP 08.02.04 - Persentase penduduk yang pernah terlibat sebagai pelaku/pendukung pertunjukan seni,persen,"1,58","1,67","2,04",Sosial,KEMENTERIAN KEBUDAYAAN,"partisipasi seni, pelaku pertunjukan, dukungan budaya, aktivitas seni, masyarakat kreatif",TRUE,"Program berjalan ditandai dengan indikator partisipasi masyarakat sebagai pelaku/pendukung pertunjukan seni dipantau melalui Susenas Modul Sosial Budaya dan Pendidikan (MSBP) BPS, dengan publikasi data tahun 2024 menunjukkan 52,55% penduduk menonton seni musik dan 26,96% menonton seni tari; data serupa juga dipublikasikan di tingkat daerah seperti DKI Jakarta pada 2025.",2025-12-10 04:20:46.000,jdih.kemenkoinfra.go.id,https://jdih.kemenkoinfra.go.id/cfind/source/files/perpres/2025/perpres-nomor-12-tahun-2025/lampiran-iii-perpres-nomor-12-tahun-2025.pdf,2025-02-10 00:00:00.000,
170,779,Pengampu Pencapaian Indikator Kegiatan Prioritas,KP 08.02.04 - Jumlah wilayah ada yang dikembangkan dalam pemajuan kebudayaan,wilayah adat,3,3,6,Sosial,KEMENTERIAN KEBUDAYAAN,"wilayah adat, penguatan adat, pemajuan budaya, komunitas adat, kawasan tradisi",TRUE,Program berjalan ditandai dengan kementerian Kebudayaan memberikan dukungan pengembangan wilayah adat melalui program penguatan kapasitas dan lokakarya bagi masyarakat adat dan komunitas Penghayat Kepercayaan di seluruh provinsi Indonesia sepanjang 2025.,2025-12-10 04:20:46.000,jdih.kemenkoinfra.go.id,https://jdih.kemenkoinfra.go.id/cfind/source/files/perpres/2025/perpres-nomor-12-tahun-2025/lampiran-iii-perpres-nomor-12-tahun-2025.pdf,2025-02-10 00:00:00.000,
171,787,Pengampu Pencapaian Indikator Kegiatan Prioritas,KP 02.12.04 - Jumlah mata air yang dipertahankan dan diselamatkan,unit,175,60,300,Infrastruktur,KEMENTERIAN KEHUTANAN,"mata air, konservasi, air, DAS, lingkungan",FALSE,Program tidak berjalan ditandai dengan belum ditemukan sumber berita/laporan resmi Kementerian Kehutanan yang melaporkan realisasi jumlah mata air yang dipertahankan/diselamatkan pada 2025 (target 60 titik). Perlu pencarian lanjut khusus ke publikasi Ditjen KSDAE atau Ditjen PDASRH Kementerian Kehutanan.,2025-12-10 04:20:46.000,jdih.kemenkoinfra.go.id,https://jdih.kemenkoinfra.go.id/cfind/source/files/perpres/2025/perpres-nomor-12-tahun-2025/lampiran-iii-perpres-nomor-12-tahun-2025.pdf,2026-07-03 09:27:03.911,
172,788,Pengampu Pencapaian Indikator Kegiatan Prioritas,"KP 02.16.01 - Jumlah unit KSA, KPA, dan TB dengan kategori pengelolaan efektif",unit,294 (2023),304,400,Sosial,KEMENTERIAN KEHUTANAN,"konservasi, KSA, KPA, pengelolaan, ekosistem",TRUE,"Program berjalan ditandai dengan KLHK melalui Ditjen KSDAE aktif melaksanakan penilaian efektivitas pengelolaan Kawasan Suaka Alam (KSA), Kawasan Pelestarian Alam (KPA), dan Taman Buru (TB) menggunakan Management Effectiveness Tracking Tool (METT), berpedoman pada Keputusan Dirjen KSDAE Nomor 175 Tahun 2025, dengan pelaksanaan hingga tingkat balai KSDA daerah seperti di Yogyakarta.",2025-12-10 04:20:46.000,jdih.kemenkoinfra.go.id,https://jdih.kemenkoinfra.go.id/cfind/source/files/perpres/2025/perpres-nomor-12-tahun-2025/lampiran-iii-perpres-nomor-12-tahun-2025.pdf,2026-07-03 09:27:03.911,
173,789,Pengampu Pencapaian Indikator Kegiatan Prioritas,KP 02.16.01 - Luas areal preservasi yang dikembangkan,ha,(indikator baru),528,1.000.000,Infrastruktur,KEMENTERIAN KEHUTANAN,"preservasi, habitat, konservasi, perluasan, lingkungan",FALSE,"Program tidak berjalan ditandai dengan belum ditemukan sumber berita/laporan resmi yang melaporkan realisasi luas areal preservasi yang dikembangkan pada 2025 (target 528, indikator baru). Perlu pencarian lanjut khusus ke publikasi Kementerian Kehutanan terkait program preservasi kawasan hutan.",2025-12-10 04:20:46.000,jdih.kemenkoinfra.go.id,https://jdih.kemenkoinfra.go.id/cfind/source/files/perpres/2025/perpres-nomor-12-tahun-2025/lampiran-iii-perpres-nomor-12-tahun-2025.pdf,2026-07-03 09:27:03.911,
174,792,Pengampu Pencapaian Indikator Kegiatan Prioritas,KP 02.16.02 - Indeks Daftar Merah Nasional status keterancaman spesies,Indeks,"0,75","0,75","0,76",Sosial,KEMENTERIAN KEHUTANAN,"spesies, keterancaman, konservasi, daftar merah, biodiversitas",TRUE,"Program berjalan ditandai dengan KLHK/Ditjen KSDAE aktif menjalankan program konservasi spesies terancam punah, termasuk proyek GEF-7 'Investing in the Komodo Dragon and other globally threatened species in Flores' bersama UNDP untuk memperkuat perlindungan spesies yang memengaruhi status Daftar Merah Nasional.",2025-12-10 04:20:46.000,jdih.kemenkoinfra.go.id,https://jdih.kemenkoinfra.go.id/cfind/source/files/perpres/2025/perpres-nomor-12-tahun-2025/lampiran-iii-perpres-nomor-12-tahun-2025.pdf,2026-07-03 09:27:03.911,
175,793,Pengampu Pencapaian Indikator Kegiatan Prioritas,KP 02.16.03 - Jumlah kelompok masyarakat yang dibina dalam upaya konservasi kawasan dan keanekaragaman hayati,kelompok,(indikator baru),200,2500,Sosial,KEMENTERIAN KEHUTANAN,"masyarakat, konservasi, pemberdayaan, kelompok, edukasi",TRUE,"Program berjalan ditandai dengan pembinaan kelompok masyarakat dalam konservasi kawasan dan keanekaragaman hayati aktif dijalankan melalui skema kemitraan konservasi dan Areal Konservasi Kelola Masyarakat (AKKM), yang hingga Mei 2025 tercatat seluas 647.457,49 hektare tersebar di 293 wilayah komunitas adat dan lokal, didukung Permen LH No. 2/2025 tentang imbal jasa lingkungan.",2025-12-10 04:20:46.000,jdih.kemenkoinfra.go.id,https://jdih.kemenkoinfra.go.id/cfind/source/files/perpres/2025/perpres-nomor-12-tahun-2025/lampiran-iii-perpres-nomor-12-tahun-2025.pdf,2026-07-03 09:27:03.911,
176,794,Pengampu Pencapaian Indikator Kegiatan Prioritas,KP 02.13.03 - Jumlah produk tersertifikasi halal,produk,2.172.106,7.000.000,7.000.000,Industri,BADAN PENYELENGGARA JAMINAN PRODUK HALAL,"sertifikasi, halal, produk, MUI, industri",TRUE,"Program berjalan ditandai dengan program sertifikasi halal BPJPH sangat aktif berjalan dan bahkan melampaui target 2025 (7 juta produk): tercatat 9,8 juta produk bersertifikat halal per Okt 2025, termasuk terobosan sertifikasi gratis untuk warteg/warsun.",2025-12-10 04:20:46.000,jdih.kemenkoinfra.go.id,https://jdih.kemenkoinfra.go.id/cfind/source/files/perpres/2025/perpres-nomor-12-tahun-2025/lampiran-iii-perpres-nomor-12-tahun-2025.pdf,2025-02-10 00:00:00.000,
177,797,Pengampu Pencapaian Indikator Kegiatan Prioritas,KP 02.10.10 - Persentase pemasukan pekan yang tersertifikasi keamanan dan mutunya,persen,0,80,95,Pangan,BADAN KARANTINA INDONESIA,"sertifikasi pangan, mutu pangan, keamanan pangan, pangan aman, distribusi pangan",TRUE,"Program berjalan ditandai dengan sistem sertifikasi karantina untuk pemasukan pangan (keamanan & mutu) terkonfirmasi aktif dan operasional melalui Laporan Kinerja triwulanan Badan Karantina Indonesia yang sama dengan indikator lain di sektor ini (id 586, 654, 656) - mencakup proses sertifikasi berbasis dokumen (SPAN, e-kinerja) dengan data riil per balai. Sistem berjalan nyata, meski angka agregat nasional 80% belum dikonfirmasi sebagai satu angka tunggal.",2025-12-10 04:20:46.000,jdih.kemenkoinfra.go.id,https://jdih.kemenkoinfra.go.id/cfind/source/files/perpres/2025/perpres-nomor-12-tahun-2025/lampiran-iii-perpres-nomor-12-tahun-2025.pdf,2026-03-10 12:00:59.300,
178,798,Koordinator Pencapaian Indikator Prioritas Nasional,"KP 02.16.04 - Nilai PNBP dari pemanfaatan jasa lingkungan KSA, KPA dan TB",miliar rupiah,204,209,239,Industri,KEMENTERIAN KEHUTANAN,"pnbp lingkungan, jasa alam, konservasi, pemanfaatan kawasan, pendapatan negara",TRUE,Program berjalan ditandai dengan skema PNBP jasa lingkungan kawasan konservasi (KSA/KPA/TB) berjalan dan terus diperbarui: PP 36/2024 serta Permenhut No. 27 & 28 Tahun 2025 yang mengatur tarif dan mekanisme pungutan PNBP jasa lingkungan di kawasan konservasi.,2025-12-10 04:20:46.000,jdih.kemenkoinfra.go.id,https://jdih.kemenkoinfra.go.id/cfind/source/files/perpres/2025/perpres-nomor-12-tahun-2025/lampiran-iii-perpres-nomor-12-tahun-2025.pdf,2025-02-10 00:00:00.000,
179,802,Pengampu Pencapaian Indikator Kegiatan Prioritas,KP 02.21.01 - Nilai ekspor produk kehutanan,miliar USD,"15,01","15,42","17,05",Industri,KEMENTERIAN KEHUTANAN,"ekspor kayu, produk kehutanan, perdagangan global, hasil hutan, pasar ekspor",TRUE,"Program berjalan ditandai dengan ekspor produk kehutanan terus berjalan dan dipantau pemerintah: nilai ekspor produk kehutanan 2024 tercatat US$12,73 miliar (APHI/Kemenhut), ekspor kayu olahan ke AS 2025 mencapai US$1,94 miliar, meski Kemenhut mengakui tren nilainya stagnan.",2025-12-10 04:20:46.000,jdih.kemenkoinfra.go.id,https://jdih.kemenkoinfra.go.id/cfind/source/files/perpres/2025/perpres-nomor-12-tahun-2025/lampiran-iii-perpres-nomor-12-tahun-2025.pdf,2025-02-10 00:00:00.000,
180,806,Pengampu Pencapaian Indikator Kegiatan Prioritas,KP 02.21.04-Desa yang menggunakan data dan informasi batas kawasan hutan sebagai rujukan dalam peta wilayah desa,desa,(indikator baru),528,2.64,Birokrasi,KEMENTERIAN KEHUTANAN,"desa hutan, batas kawasan, pemetaan wilayah, tata ruang desa, penggunaan data",TRUE,"Program berjalan ditandai dengan ditjen Planologi Kehutanan dan Tata Lingkungan telah melakukan pemetaan dan integrasi data batas kawasan hutan sebagai rujukan wilayah desa: dari 25.468 desa yang wilayahnya beririsan kawasan hutan, 2.764 desa telah diselesaikan menjadi Areal Penggunaan Lain (APL) dan 2.614 desa masih dalam proses penyelesaian melalui mekanisme TORA.",2025-12-10 04:20:46.000,jdih.kemenkoinfra.go.id,https://jdih.kemenkoinfra.go.id/cfind/source/files/perpres/2025/perpres-nomor-12-tahun-2025/lampiran-iii-perpres-nomor-12-tahun-2025.pdf,2025-02-10 00:00:00.000,
181,807,Pengampu Pencapaian Indikator Kegiatan Prioritas,KP 02.21.05 - Kelompok masyarakat di dalam dan sekitar kawasan hutan yang dilibatkan dalam pengelolaan hutan(kelompok,kelompok,14.774,15.574,19.094,Sosial,KEMENTERIAN KEHUTANAN,"pemberdayaan desa, masyarakat hutan, kelompok binaan, partisipasi sosial, kawasan hutan",TRUE,"Program berjalan ditandai dengan KLHK/Kementerian Kehutanan aktif melibatkan kelompok masyarakat sekitar kawasan hutan dalam pengelolaan hutan melalui Program Perhutanan Sosial, dengan capaian per akhir 2025 mencapai sekitar 8,33 juta hektare melalui lebih dari 11 ribu SK bagi 1,4 juta kepala keluarga, dan Perhutanan Sosial telah ditetapkan sebagai Proyek Strategis Nasional oleh Presiden Prabowo Subianto.",2025-12-10 04:20:46.000,jdih.kemenkoinfra.go.id,https://jdih.kemenkoinfra.go.id/cfind/source/files/perpres/2025/perpres-nomor-12-tahun-2025/lampiran-iii-perpres-nomor-12-tahun-2025.pdf,2025-02-10 00:00:00.000,
182,808,Pengampu Pencapaian Indikator Kegiatan Prioritas,KP 04.12.01 - Persentase siswa SD/MI/sederajat yang mendapatkan bantuan makanan bergizi,persen,(indikator baru),24,100,Kesehatan,BADAN GIZI NASIONAL,"gizi SD, makan sekolah, pangan siswa, gizi dasar",TRUE,"Program berjalan ditandai dengan pelaksanaan bertahap mulai SD/MI; mencatat >36,7 juta penerima manfaat per Oktober 2025, target ekuivalen ~83 juta penerima (100%) pada 2029.",2025-12-10 04:20:46.000,jdih.kemenkoinfra.go.id,https://jdih.kemenkoinfra.go.id/cfind/source/files/perpres/2025/perpres-nomor-12-tahun-2025/lampiran-iii-perpres-nomor-12-tahun-2025.pdf,2025-02-10 00:00:00.000,
183,817,Koordinator Pencapaian Indikator Program Prioritas,KP 06.07.01 - Rumah tangga perdesaan dengan akses sanitasi aman,persen,"4,77",6,12,Infrastruktur,KEMENTERIAN PEKERJAAN UMUM,"Akses Sanitasi, Rumah Tangga, Wilayah Perdesaan",TRUE,"Program berjalan ditandai dengan Bappenas mempresentasikan data kondisi sanitasi nasional (air limbah domestik) tahun 2024: capaian 10,25% (7 juta rumah tangga) dari target 2029 sebesar 30% - mengonfirmasi sistem pemantauan sanitasi aman aktif berjalan secara nasional dan berbasis data riil (bukan rencana). Namun angka spesifik untuk 'rumah tangga PERDESAAN dengan akses sanitasi aman' (baseline 4,77%, target 6% untuk 2025) belum dikonfirmasi terpisah dari angka nasional gabungan yang ditemukan.",2025-12-10 04:20:46.000,jdih.kemenkoinfra.go.id,https://jdih.kemenkoinfra.go.id/cfind/source/files/perpres/2025/perpres-nomor-12-tahun-2025/lampiran-iii-perpres-nomor-12-tahun-2025.pdf,2025-02-10 00:00:00.000,
184,819,Koordinator Pencapaian Indikator Prioritas Nasional,PN 04 - Angka kelahiran total (Total fertility rate),Rata - rata kelahiran per wanita usia subur (WUS) 15 - 49 Tahun,"2,14","2,12","2,10",Kesehatan,KEMENTERIAN KOORDINATOR BIDANG PEMBANGUNAN MANUSIA DAN KEBUDAYAAN,"Fertilitas Total, Tingkat Kelahiran, Reproduksi Wanita, Kesehatan Reproduksi, Demografi Nasional",TRUE,"Program berjalan ditandai dengan TFR dikalibrasi turun secara landai menuju 2,10 (replacement level) guna mempertahankan rasio ketergantungan ideal untuk bonus demografi.",2025-12-10 04:20:46.000,jdih.kemenkoinfra.go.id,https://jdih.kemenkoinfra.go.id/cfind/source/files/perpres/2025/perpres-nomor-12-tahun-2025/lampiran-iii-perpres-nomor-12-tahun-2025.pdf,2025-02-10 00:00:00.000,
185,820,Koordinator Pencapaian Indikator Program Prioritas,PP 02.16 - Indeks Pengurangan Ancaman Kehilangan Keanekaragaman Hayati,Indeks,"0,40 (2020)","0,51","0,64",Sosial,KEMENTERIAN LINGKUNGAN HIDUP/BADAN PENGENDALIAN LINGKUNGAN HIDUP,"ancaman kehati, biodiversitas, konservasi, indeks nasional, ekosistem",TRUE,"Program berjalan ditandai dengan KLH/BPLH bersama Bappenas dan BRIN meluncurkan dokumen 'Status Kekinian Keanekaragaman Hayati' (Agustus 2025) sebagai basis pemantauan Indeks Pengurangan Ancaman Kehilangan Kehati, sejalan dengan strategi IBSAP 2025-2045 yang mencakup restorasi ekosistem kritis dan penguatan kawasan konservasi.",2025-12-10 04:20:46.000,jdih.kemenkoinfra.go.id,https://jdih.kemenkoinfra.go.id/cfind/source/files/perpres/2025/perpres-nomor-12-tahun-2025/lampiran-iii-perpres-nomor-12-tahun-2025.pdf,2025-02-10 00:00:00.000,
186,827,Pengampu Pencapaian Indikator Kegiatan Prioritas,KP 02.16.01 - Jumlah unit pengelola taman kehati yang difasilitasi perencanaan dan pengelolanya,unit,2,2,2,Infrastruktur,KEMENTERIAN LINGKUNGAN HIDUP/BADAN PENGENDALIAN LINGKUNGAN HIDUP,"taman kehati, pengelola, konservasi, unit, kehati",FALSE,"Program tidak berjalan ditandai dengan belum ditemukan sumber berita/laporan resmi Kementerian Lingkungan Hidup/BPLH yang melaporkan realisasi jumlah unit pengelola taman keanekaragaman hayati (taman kehati) yang difasilitasi pada 2025 (target 2 unit, sama dengan baseline).",2025-12-10 04:20:46.000,jdih.kemenkoinfra.go.id,https://jdih.kemenkoinfra.go.id/cfind/source/files/perpres/2025/perpres-nomor-12-tahun-2025/lampiran-iii-perpres-nomor-12-tahun-2025.pdf,2025-02-10 00:00:00.000,
187,828,Pengampu Pencapaian Indikator Kegiatan Prioritas,KP 02.16.03 - Jumlah dokumen pemantauan dan evaluasi implementasi konvensi keanekaragaman hayati dan protokol/kebijakan turunannya di indonesia,dokumen,1,1,1,Birokrasi,KEMENTERIAN LINGKUNGAN HIDUP/BADAN PENGENDALIAN LINGKUNGAN HIDUP,"dokumen evaluasi, kehati, konvensi, pemantauan, kebijakan",TRUE,"Program berjalan ditandai dengan KLH/BPLH bersama Bappenas dan BRIN telah meluncurkan dokumen 'Status Kekinian Keanekaragaman Hayati' (19 Agustus 2025) sebagai bentuk pemantauan dan evaluasi implementasi Konvensi Keanekaragaman Hayati (CBD) dan Protokol Nagoya, sejalan dengan IBSAP 2025-2045.",2025-12-10 04:20:46.000,jdih.kemenkoinfra.go.id,https://jdih.kemenkoinfra.go.id/cfind/source/files/perpres/2025/perpres-nomor-12-tahun-2025/lampiran-iii-perpres-nomor-12-tahun-2025.pdf,2025-02-10 00:00:00.000,
188,832,Pengampu Pencapaian Indikator Kegiatan Prioritas,KP 02.17.01 - Jumlah sungai dan danau yang mengalami peningkatan status mutu,lokasi,1,5,5,Infrastruktur,KEMENTERIAN LINGKUNGAN HIDUP/BADAN PENGENDALIAN LINGKUNGAN HIDUP,"sungai, danau, peningkatan mutu, kualitas air, DAS",TRUE,Program berjalan ditandai dengan laporan resmi KLH/BPLH Oktober 2025: KLH/BPLH menyebut telah terjadi peningkatan kualitas mutu air di 1.066 sungai pada 2025 dibandingkan penilaian pada 2024.,2025-12-10 04:20:46.000,jdih.kemenkoinfra.go.id,https://jdih.kemenkoinfra.go.id/cfind/source/files/perpres/2025/perpres-nomor-12-tahun-2025/lampiran-iii-perpres-nomor-12-tahun-2025.pdf,2025-02-10 00:00:00.000,
189,835,Pengampu Pencapaian Indikator Kegiatan Prioritas,KP 02.17.02 - Jumlah kab/kota yang mengalami peningkatan IRLH sektor udara,kab/kota,0,5,5,Birokrasi,KEMENTERIAN LINGKUNGAN HIDUP/BADAN PENGENDALIAN LINGKUNGAN HIDUP,"irlh udara, kab kota, peningkatan kualitas udara, lingkungan",TRUE,"Program berjalan ditandai dengan KLH/BPLH secara resmi memperkuat pelaksanaan Indeks Respon Lingkungan Hidup (IRLH) sebagai instrumen penilaian kinerja pemda dalam pengelolaan lingkungan hidup (diumumkan 24 Juni 2025). Data capaian tahun sebelumnya (2024) mencatat sejumlah kab/kota mengalami perbaikan status kualitas udara, menunjukkan mekanisme pemantauan IRLH sektor udara berjalan.",2025-12-10 04:20:46.000,jdih.kemenkoinfra.go.id,https://jdih.kemenkoinfra.go.id/cfind/source/files/perpres/2025/perpres-nomor-12-tahun-2025/lampiran-iii-perpres-nomor-12-tahun-2025.pdf,2025-02-10 00:00:00.000,
190,839,Pengampu Pencapaian Indikator Kegiatan Prioritas,KP 02.17.03 - Jumlah industri dan atau pelabuhan yang membuang air limbah ke laut yang memenuhi baku mutu air limbah,pelabuhan/industri,36,36,50,Industri,KEMENTERIAN LINGKUNGAN HIDUP/BADAN PENGENDALIAN LINGKUNGAN HIDUP,"limbah laut, pelabuhan, industri, pencemaran, regulasi",TRUE,"Program berjalan ditandai dengan KLH/BPLH aktif menerbitkan & menegakkan regulasi baku mutu air limbah untuk industri/pelabuhan: Permen LH/BPLH No. 11/2025 (air limbah domestik) dan No. 12/2025 (industri tekstil), bagian dari sistem pengawasan baku mutu yang terus berjalan.",2025-12-10 04:20:46.000,jdih.kemenkoinfra.go.id,https://jdih.kemenkoinfra.go.id/cfind/source/files/perpres/2025/perpres-nomor-12-tahun-2025/lampiran-iii-perpres-nomor-12-tahun-2025.pdf,2025-02-10 00:00:00.000,
191,842,Pengampu Pencapaian Indikator Kegiatan Prioritas,KP 02.17.04- Indeks Kualitas Tutupan Lahan,Indeks,"77,98","77,98","78,20",Sosial,KEMENTERIAN LINGKUNGAN HIDUP/BADAN PENGENDALIAN LINGKUNGAN HIDUP,"tutupan lahan, kualitas lahan, indeks iktl, lingkungan",TRUE,"Program berjalan ditandai dengan KLHK secara rutin menghitung dan mempublikasikan Indeks Kualitas Tutupan Lahan (IKTL) sebagai komponen Indeks Kualitas Lingkungan Hidup (IKLH) berdasarkan Permen LHK No. 27 Tahun 2021, dengan data resmi dipublikasikan melalui portal Satu Data Indonesia (data.go.id) dan dipantau tren tahunannya oleh Ditjen PPKL.",2025-12-10 04:20:46.000,jdih.kemenkoinfra.go.id,https://jdih.kemenkoinfra.go.id/cfind/source/files/perpres/2025/perpres-nomor-12-tahun-2025/lampiran-iii-perpres-nomor-12-tahun-2025.pdf,2025-02-10 00:00:00.000,
192,850,Pengampu Pencapaian Indikator Kegiatan Prioritas,KP 02.17.07 - Jumlah usaha/kegiatan/izin pengelolaan SDA dan lingkungan yang diawasi ketaatannya,izin,80,80,600,Birokrasi,KEMENTERIAN LINGKUNGAN HIDUP/BADAN PENGENDALIAN LINGKUNGAN HIDUP,"izin, pengawasan, ketaatan, SDA, lingkungan",TRUE,"Program berjalan ditandai dengan KLH/BPLH melalui program PROPER 2025 telah melakukan evaluasi ketaatan pengelolaan lingkungan terhadap 5.476 perusahaan peserta, serta pembinaan dan pengawasan terhadap kawasan industri di Jabodetabek sejak Februari 2025 dengan verifikasi lapangan pada 270 perusahaan.",2025-12-10 04:20:46.000,jdih.kemenkoinfra.go.id,https://jdih.kemenkoinfra.go.id/cfind/source/files/perpres/2025/perpres-nomor-12-tahun-2025/lampiran-iii-perpres-nomor-12-tahun-2025.pdf,2025-02-10 00:00:00.000,
193,852,Pengampu Pencapaian Indikator Kegiatan Prioritas,"KP 02.17.07 - Layanan KLHS dan instrumen lingkungan hidup yang terintegrasi dalam kebijakan, rencana dan program",layanan,(indikator baru),40,40,Birokrasi,KEMENTERIAN LINGKUNGAN HIDUP/BADAN PENGENDALIAN LINGKUNGAN HIDUP,"KLHS, layanan, instrumen, integrasi, lingkungan",TRUE,"Program berjalan ditandai dengan layanan Kajian Lingkungan Hidup Strategis (KLHS) sebagai instrumen integrasi lingkungan hidup ke dalam kebijakan, rencana, dan program terus dilaksanakan, termasuk pada level nasional melalui dokumen KLHS untuk Rencana Pembangunan Jangka Panjang Nasional (RPJPN) 2025-2045.",2025-12-10 04:20:46.000,jdih.kemenkoinfra.go.id,https://jdih.kemenkoinfra.go.id/cfind/source/files/perpres/2025/perpres-nomor-12-tahun-2025/lampiran-iii-perpres-nomor-12-tahun-2025.pdf,2025-02-10 00:00:00.000,
194,855,Pengampu Pencapaian Indikator Kegiatan Prioritas,KP 02.17.08 - Persentase penerbitan perizinan berusaha terkait persetujuan lingkungan di bidang lingkungan hidup dan SDA berkelanjutan,persen,63,65,85,Birokrasi,KEMENTERIAN LINGKUNGAN HIDUP/BADAN PENGENDALIAN LINGKUNGAN HIDUP,"perizinan, lingkungan, persetujuan, layanan, kebijakan",TRUE,"Program berjalan ditandai dengan layanan penerbitan Persetujuan Lingkungan bagi perizinan berusaha aktif dijalankan melalui PTSP KLHK (ptsp.menlhk.go.id), dengan penguatan regulasi terbaru PP Nomor 28 Tahun 2025 tentang Perizinan Berusaha Berbasis Risiko dan Permen LH/BPLH Nomor 22 Tahun 2025 tentang Kewenangan Penerbitan Persetujuan Lingkungan.",2025-12-10 04:20:46.000,jdih.kemenkoinfra.go.id,https://jdih.kemenkoinfra.go.id/cfind/source/files/perpres/2025/perpres-nomor-12-tahun-2025/lampiran-iii-perpres-nomor-12-tahun-2025.pdf,2025-02-10 00:00:00.000,
195,859,Pengampu Pencapaian Indikator Kegiatan Prioritas,KP 02.19.03 - Reduksi emisi GRK sektor kelautan pesisir,juta ton CO2,"10,80","14,59","49,16",Sosial,KEMENTERIAN LINGKUNGAN HIDUP/BADAN PENGENDALIAN LINGKUNGAN HIDUP,"emisi, GRK, kelautan, pesisir, CO2",TRUE,"Program berjalan, ditandai dengan penyusunan tahap akhir Second Nationally Determined Contribution (Second NDC) oleh Kementerian LH/BPLH (18 Juli 2025), yang untuk pertama kalinya secara eksplisit memasukkan sektor kelautan sebagai bagian target reduksi emisi GRK nasional periode 2031-2035 yang telah perluasan cakupan dari NDC sebelumnya yang belum mencakup sektor ini secara spesifik. Menteri LH Hanif Faisol Nurofiq menegaskan Indonesia harus menekan emisi hingga ~459 juta ton CO2e melalui langkah terkoordinasi di berbagai sektor termasuk kelautan",2025-12-10 04:20:46.000,jdih.kemenkoinfra.go.id,https://jdih.kemenkoinfra.go.id/cfind/source/files/perpres/2025/perpres-nomor-12-tahun-2025/lampiran-iii-perpres-nomor-12-tahun-2025.pdf,2025-02-10 00:00:00.000,
196,860,Pengampu Pencapaian Indikator Kegiatan Prioritas,KP 02.19.05 - Reduksi emisi GRK sektor limbah,juta ton CO2,"8,8","14,13","31,90",Sosial,KEMENTERIAN LINGKUNGAN HIDUP/BADAN PENGENDALIAN LINGKUNGAN HIDUP,"emisi, GRK, limbah, reduksi, lingkungan",TRUE,"Program berjalan, ditandai dengan penegasan resmi Wakil Menteri LH Diaz Hendropriyono soal target reduksi emisi sektor limbah 40 juta ton CO2 (Juni 2026) dalam Ministerial Dialogue on Climate Change yang menekankan pemilahan sampah dari hulu sebagai kunci keberhasilan, mendukung teknologi Waste to Energy (WTE) dan RDF Plant. Program didukung Kepmen LHK No. 842 Tahun 2024 (kebijakan Zero Waste Zero Emission) dan proyek konkret World Bank Local Service Delivery Improvement Project (LSDP) senilai USD 350 juta yang disetujui Desember 2025 untuk mendukung pengelolaan sampah perkotaan",2025-12-10 04:20:46.000,jdih.kemenkoinfra.go.id,https://jdih.kemenkoinfra.go.id/cfind/source/files/perpres/2025/perpres-nomor-12-tahun-2025/lampiran-iii-perpres-nomor-12-tahun-2025.pdf,2025-02-10 00:00:00.000,
197,862,Pengampu Pencapaian Indikator Kegiatan Prioritas,KP 05.05.01 - Kontribusi perdagangan besar dan eceran terhadap PDRB di Pulau Kalimantan,persen,"10,12 (2022)","10,65","11,35",Industri,KEMENTERIAN PERDAGANGAN,PDRB Kalimantan,TRUE,"Program berjalan, ditandai dengan terselenggaranya Konsultasi Regional PDRB Kasulampua (Kalimantan, Sulawesi, Maluku, Papua) 2025 oleh BPS RI di Banjarmasin, Kalimantan Selatan (12 Juni 2025), forum resmi koordinasi data ekonomi regional yang mencakup sektor perdagangan, dihadiri Wakil Kepala BPS RI. Sebagai konteks pendukung tingkat provinsi, sektor Perdagangan Besar dan Eceran di Kalimantan Selatan tercatat berkontribusi 10,9% terhadap PDRB pada 2023 (tren naik dari 9,7% di 2019), menunjukkan sektor ini terus tumbuh sejalan dengan arah target nasional",2025-12-10 04:20:46.000,jdih.kemenkoinfra.go.id,https://jdih.kemenkoinfra.go.id/cfind/source/files/perpres/2025/perpres-nomor-12-tahun-2025/lampiran-iii-perpres-nomor-12-tahun-2025.pdf,2025-02-10 00:00:00.000,
198,866,Koordinator Pencapaian Indikator Program Prioritas,PP 03.03 - Rasio kewirausahaan,persen,"3,08","3,10","3,60",Sosial,"KEMENTERIAN USAHA MIKRO, KECIL, DAN MENENGAH","Rasio Kewirausahaan, Wirausaha Baru, Pengembangan Bisnis",TRUE,"Program berjalan dan melampaui target, ditandai dengan Kementerian UMKM secara resmi mengumumkan rasio kewirausahaan nasional 2025 mencapai 3,29%, melampaui target RPJMN 2025-2029 sebesar 3,10% (diumumkan Deputi Bidang Kewirausahaan Siti Azizah, 17 Desember 2025). Capaian didorong program Entrepreneur Hub (E-Hub) Terpadu  hingga November 2025 telah menjangkau 7.980 wirausaha penerima manfaat di 10 provinsi dan 14.084 wirausaha terhubung dalam ekosistem E-Hub, dicontohkan pelaksanaan konkret di Bali (Universitas Udayana, 24 Juli 2025, 50 peserta startup) dan Sumatera Barat (Universitas Andalas",2025-12-10 04:20:46.000,jdih.kemenkoinfra.go.id,https://jdih.kemenkoinfra.go.id/cfind/source/files/perpres/2025/perpres-nomor-12-tahun-2025/lampiran-iii-perpres-nomor-12-tahun-2025.pdf,2025-02-10 00:00:00.000,
199,883,Pengampu Pencapaian Indikator Kegiatan Prioritas,KP 02.12.02 - Rasio kapasitas air baku bersumber dari bendungan terhadap potensinya,persen,35,35,45,Infrastruktur,KEMENTERIAN PEKERJAAN UMUM,"air baku, bendungan, kapasitas, rasio, SDA",TRUE,"Program berjalan, ditandai dengan realisasi pengembangan kapasitas air baku sebesar 0,25 m³/detik sepanjang Tahun Anggaran 2025, serta progres pembangunan 15 bendungan yang tengah berjalan dengan potensi tambahan pemanfaatan air baku sebesar 23,69 m³/detik ke depan",2025-12-10 04:20:46.000,jdih.kemenkoinfra.go.id,https://jdih.kemenkoinfra.go.id/cfind/source/files/perpres/2025/perpres-nomor-12-tahun-2025/lampiran-iii-perpres-nomor-12-tahun-2025.pdf,2025-02-10 00:00:00.000,
200,884,Pengampu Pencapaian Indikator Kegiatan Prioritas,KP 02.12.02 - Jumlah wilayah sungai kewenangan pusat dengan neraca air tidak dalam kondisi kritis,wilayah sungai,50,50,50,Infrastruktur,KEMENTERIAN PEKERJAAN UMUM,"wilayah sungai, neraca air, kritis, SDA, pusat",TRUE,"Program berjalan, ditandai dengan tercantumnya indikator ""Jumlah wilayah sungai kewenangan Pusat yang melaksanakan monitoring neraca air"" secara eksplisit dalam DIPA Induk Ditjen Sumber Daya Air Tahun Anggaran 2025 (alokasi Rp38,4 triliun) pada dokumen resmi pencairan anggaran negara yang berlaku efektif 1 Januari - 31 Desember 2025",2025-12-10 04:20:46.000,jdih.kemenkoinfra.go.id,https://jdih.kemenkoinfra.go.id/cfind/source/files/perpres/2025/perpres-nomor-12-tahun-2025/lampiran-iii-perpres-nomor-12-tahun-2025.pdf,2025-02-10 00:00:00.000,
201,885,Pengampu Pencapaian Indikator Kegiatan Prioritas,KP 02.12.02 - Jumlah kapasitas prasarana air baku yang dikelola,m3/detik,"75,03","78,78","93,79",Infrastruktur,KEMENTERIAN PEKERJAAN UMUM,"air baku, kapasitas, prasarana, m3/detik, pengelolaan",TRUE,"Program berjalan, ditandai dengan realisasi pengembangan air baku sebesar 0,25 m³/detik pada Tahun Anggaran 2025, serta pembangunan 1.200 titik sumber air tanah baru sebagai infrastruktur pendukung pengelolaan air baku nasional",2025-12-10 04:20:46.000,jdih.kemenkoinfra.go.id,https://jdih.kemenkoinfra.go.id/cfind/source/files/perpres/2025/perpres-nomor-12-tahun-2025/lampiran-iii-perpres-nomor-12-tahun-2025.pdf,2025-02-10 00:00:00.000,
202,887,Pengampu Pencapaian Indikator Kegiatan Prioritas,KP 02.12.02 - Kapasitas prasarana air baku yang direhabilitasi,m3/detik,"1,44","0,84","5,53",Infrastruktur,KEMENTERIAN PEKERJAAN UMUM,"air baku, rehabilitasi, kapasitas, SDA, m3/detik",TRUE,"Program berjalan, ditandai dengan capaian realisasi fisik keseluruhan bidang Sumber Daya Air Kementerian PU sebesar 95,17% dan realisasi keuangan 95,23% dari pagu DIPA efektif Rp112,13 triliun pada Tahun Anggaran 2025, sebagaimana dipaparkan Menteri PU dalam Rapat Kerja bersama Komisi V DPR RI",2025-12-10 04:20:46.000,jdih.kemenkoinfra.go.id,https://jdih.kemenkoinfra.go.id/cfind/source/files/perpres/2025/perpres-nomor-12-tahun-2025/lampiran-iii-perpres-nomor-12-tahun-2025.pdf,2025-02-10 00:00:00.000,
203,889,Pengampu Pencapaian Indikator Kegiatan Prioritas,KP 02.12.02 - Jumlah luas layanan irigasi yang dibangun untuk pertanian multikomoditas,ha,134.118 (2020-2024),10,180,Infrastruktur,KEMENTERIAN PEKERJAAN UMUM,"irigasi, multikomoditas, layanan, ha, pertanian",TRUE,"Program berjalan, ditandai dengan realisasi pembangunan jaringan irigasi baru seluas 13.000 hektar dan rehabilitasi 123.000 hektar jaringan eksisting sepanjang 2025, ditambah penanganan 589.000 hektar jaringan irigasi kewenangan daerah oleh Direktorat Irigasi dan Rawa (dikonfirmasi Plt Direktur Yosiandi Radi Wicaksono dalam wawancara CNBC Indonesia, 5 Desember 2025), serta pelaksanaan program Padat Karya Tunai Untuk Peningkatan Jaringan Irigasi (P3-TGAI) di 9.597 lokasi",2025-12-10 04:20:46.000,jdih.kemenkoinfra.go.id,https://jdih.kemenkoinfra.go.id/cfind/source/files/perpres/2025/perpres-nomor-12-tahun-2025/lampiran-iii-perpres-nomor-12-tahun-2025.pdf,2025-02-10 00:00:00.000,
204,893,Pengampu Pencapaian Indikator Kegiatan Prioritas,KP 02.12.03 - Panjang jaringan infrastruktur pengendali daya rusak air yang dioperasi dan dipelihara,unit,1.784,1.784,2.222,Infrastruktur,KEMENTERIAN PEKERJAAN UMUM,"jaringan, pengendali air, panjang, operasi",TRUE,"Program berjalan, ditandai dengan realisasi pengendalian banjir sepanjang 88,79 kilometer dan pengamanan pantai sepanjang 14,41 kilometer sepanjang Tahun Anggaran 2025, sebagaimana dipaparkan Menteri PU dalam Rapat Kerja bersama Komisi V DPR RI",2025-12-10 04:20:46.000,jdih.kemenkoinfra.go.id,https://jdih.kemenkoinfra.go.id/cfind/source/files/perpres/2025/perpres-nomor-12-tahun-2025/lampiran-iii-perpres-nomor-12-tahun-2025.pdf,2025-02-10 00:00:00.000,
205,905,Pengampu Pencapaian Indikator Kegiatan Prioritas,KP 02.12.07 - Jumlah BUMD air minum yang memiliki dokumen RPAM,BUMD,121,176,394,Birokrasi,KEMENTERIAN PEKERJAAN UMUM,"RPAM, BUMD, air minum",TRUE,"Program berjalan, ditandai dengan diadakannya pembinaan, evaluasi, dan pendorongan penyusunan dokumen RPAM ke BUMD air minum sepanjang 2025, dengan bukti konkret di lapangan (bukan sekadar dokumen aturan) oleh Kementerian PU (Ditjen Cipta Karya, Direktorat Air Minum). Namun bukti implementasi konkret yang terverifikasi secara publik pada 2025 baru ditemukan di Jawa Timur (Malang Raya), melalui BTAM Water Forum 2025 dan workshop lintas-BUMD. Secara kebijakan/regulasi, program ini berlaku nasional (tercantum di Renstra Kementerian PU 2025-2029), namun pencarian belum menemukan liputan media/dokumen publik yang mengonfirmasi pelaksanaan konkret di provinsi lain pada tahun yang sama",2025-12-10 04:20:46.000,jdih.kemenkoinfra.go.id,https://jdih.kemenkoinfra.go.id/cfind/source/files/perpres/2025/perpres-nomor-12-tahun-2025/lampiran-iii-perpres-nomor-12-tahun-2025.pdf,2025-02-10 00:00:00.000,
206,906,Pengampu Pencapaian Indikator Kegiatan Prioritas,KP 02.12.07 - BUMD air minum berkinerja sehat,persen,"65,39 (2023)",74,100,Industri,KEMENTERIAN PEKERJAAN UMUM,"BUMD, kinerja, sehat",TRUE,"Program berjalan, ditandai dengan pernyataan resmi Menteri PU Dody Hanggodo (12 Maret 2025) yang mengonfirmasi data kinerja BUMD air minum nasional 2024, sekaligus mendorong implementasi Instruksi Presiden No. 1 Tahun 2025 tentang Percepatan Penyediaan Air Minum. Dari 258 BUMD berkinerja sehat, baru 19 yang memenuhi kriteria kerja sama swasta (menerapkan tarif full cost recovery 3 tahun berturut-turut) menunjukkan program aktif mendorong peningkatan kualitas BUMD, bukan sekadar mencatat statistik. Kementerian PU juga rutin mempublikasikan Buku Kinerja BUMD Air Minum tahunan (kerja sama dengan BPKP) sebagai instrumen evaluasi resmi berkelanjutan",2025-12-10 04:20:46.000,jdih.kemenkoinfra.go.id,https://jdih.kemenkoinfra.go.id/cfind/source/files/perpres/2025/perpres-nomor-12-tahun-2025/lampiran-iii-perpres-nomor-12-tahun-2025.pdf,2025-02-10 00:00:00.000,
207,913,Pengampu Pencapaian Indikator Kegiatan Prioritas,KP 02.12.08 - Jumlah proyek pembiayaan kreatif infrastruktur air minum yang siap dikerjasamakan,proyek,8,10,13,Industri,KEMENTERIAN PEKERJAAN UMUM,"pembiayaan, air minum",TRUE ,"Program berjalan, ditandai dengan Kementerian PU (DJPI) menargetkan 34 proyek KPBU untuk TA 2025, di mana 4 proyek spesifik bidang air minum teridentifikasi sedang disiapkan untuk kerja sama: KPBU Idle Capacity SPAM Pemali Juana (Semarang), SPAM Regional Kalimantan Timur, SPAM dan SPAL KIKN (Kalimantan Timur), dan KPBU Pengelolaan Waduk Sei Gong (Batam-Rempang). Kementerian PU juga menyelenggarakan CreatIFF 2025 (Creative Infrastructure Financing Day) sebagai forum tahunan mendorong skema pembiayaan kreatif, dengan capaian historis 16 penandatanganan proyek KPBU dalam 5 tahun terakhir termasuk SPAM Regional Jatiluhur I. Sebagai bukti keberhasilan skema serupa, proyek KPBU SPAM Semarang Barat telah beroperasi melayani puluhan ribu pelanggan",2025-12-10 04:20:46.000,jdih.kemenkoinfra.go.id,https://jdih.kemenkoinfra.go.id/cfind/source/files/perpres/2025/perpres-nomor-12-tahun-2025/lampiran-iii-perpres-nomor-12-tahun-2025.pdf,2025-02-10 00:00:00.000,
208,923,Pengampu Pencapaian Indikator Kegiatan Prioritas,KP 02.18.02 - TPA/LUR yang dioperasikan secara sanitary landfill,unit,(indikator baru),0,11,Infrastruktur,KEMENTERIAN PEKERJAAN UMUM,"TPA, landfill",TRUE,"Program berjalan, ditandai dengan penetapan Peraturan Presiden Nomor 109 Tahun 2025 tentang Penanganan Sampah Perkotaan yang secara resmi mendorong penerapan sanitary landfill sebagai bagian dari transformasi pengelolaan sampah nasional, dideklarasikan Kementerian PU dalam peringatan Hari Habitat Dunia 2025 (Oktober 2025). Bukti eksekusi lapangan konkret: Pemkot Pontianak menyelesaikan pembangunan infrastruktur fisik sanitary landfill dan controlled landfill di TPA Batulayang, menutup resmi sistem open dumping sebagai tindak lanjut instruksi Menteri Lingkungan Hidup saat kunjungan kerja Juni 2025",2025-12-10 04:20:46.000,jdih.kemenkoinfra.go.id,https://jdih.kemenkoinfra.go.id/cfind/source/files/perpres/2025/perpres-nomor-12-tahun-2025/lampiran-iii-perpres-nomor-12-tahun-2025.pdf,2025-02-10 00:00:00.000,
209,924,Pengampu Pencapaian Indikator Kegiatan Prioritas,KP 03.05.11 - Tenaga kerja pariwisata Bromo-Tengger-Semeru,orang,3.493.968,3.954.841,4.665.259,Sosial,KEMENTERIAN PARIWISATA,"Tenaga Kerja, Sektor Pariwisata, Bromo Semeru",TRUE,"Program berjalan, ditandai dengan Kementerian Pariwisata merilis ""Infografis Statistik Pariwisata 2025"" (20 Agustus 2026) yang secara eksplisit mencakup Bromo-Tengger-Semeru sebagai salah satu dari 10 Destinasi Pariwisata Prioritas (DPP), termasuk data jumlah tenaga kerja pariwisata yang disusun kolaborasi Kemenpar, BPS, dan Kementerian Investasi/BKPM. Laporan Kinerja resmi Deputi Bidang Sumber Daya dan Kelembagaan Kemenpar 2025 mengonfirmasi penyerapan tenaga kerja pariwisata di 10 DPP dan 3 DPR (termasuk BTS) mencapai 99,18% dari target (data sementara Sakernas BPS Agustus 2025). Aktivitas wisata di kawasan BTS sendiri sangat tinggi, dengan 50,89 juta kunjungan wisatawan nusantara sepanjang 2025 telah mendukung penyerapan tenaga kerja lokal di sektor pariwisata",2025-12-10 04:20:46.000,jdih.kemenkoinfra.go.id,https://jdih.kemenkoinfra.go.id/cfind/source/files/perpres/2025/perpres-nomor-12-tahun-2025/lampiran-iii-perpres-nomor-12-tahun-2025.pdf,2025-02-10 00:00:00.000,
210,929,Pengampu Pencapaian Indikator Kegiatan Prioritas,KP 06.04.01 - Skor Indeks Kota Berkelanjutan (IKB) rerata Wilayah Metropolitan KBI,Indeks,"45,86 (2023)","46,16","47,36",Infrastruktur,KEMENTERIAN PEKERJAAN UMUM,"IKB, KBI",TRUE,"Program berjalan, ditandai dengan terbitnya laporan resmi ""Indeks Kota Berkelanjutan (IKB) Tahun 2025"" oleh Bappenas (September 2025) pada dokumen pengukuran resmi Semester I 2025 yang mencakup capaian rata-rata per misi untuk 98 Kota Otonom/Administratif di seluruh Indonesia, sebagai instrumen monitoring resmi capaian RPJMN 2025-2029 (Perpres No. 12/2025). BPSDM Kementerian PU turut menyelenggarakan webinar akselerasi pembangunan perkotaan berkelanjutan yang mengonfirmasi target IKB wilayah metropolitan dalam kerangka RPJMN, dengan Kota Kediri tercatat meraih skor tertinggi pada indikator Misi 1 (65,68)",2025-12-10 04:20:46.000,jdih.kemenkoinfra.go.id,https://jdih.kemenkoinfra.go.id/cfind/source/files/perpres/2025/perpres-nomor-12-tahun-2025/lampiran-iii-perpres-nomor-12-tahun-2025.pdf,2025-02-10 00:00:00.000,
211,934,Pengampu Pencapaian Indikator Kegiatan Prioritas,KP 06.04.02 Skor Indeks Kota Berkelanjutan (IKB) rerata perkotaan Non-Wilayah Metropolitan KTI,Indeks,"47,20 (2023)","47,5","48,7",Infrastruktur,KEMENTERIAN PEKERJAAN UMUM,"IKB, KTI",TRUE,"Program berjalan, ditandai dengan cakupan yang sama seperti Program 2 pada laporan resmi Indeks Kota Berkelanjutan (IKB) Tahun 2025 oleh Bappenas mencakup seluruh 98 kota otonom/administratif termasuk kategori non-metropolitan di Kawasan Timur Indonesia, sebagai bagian dari monitoring capaian RPJMN 2025-2029",2025-12-10 04:20:46.000,jdih.kemenkoinfra.go.id,https://jdih.kemenkoinfra.go.id/cfind/source/files/perpres/2025/perpres-nomor-12-tahun-2025/lampiran-iii-perpres-nomor-12-tahun-2025.pdf,2025-02-10 00:00:00.000,
212,956,Pengampu Pencapaian Indikator Kegiatan Prioritas,PP 03.05 - Perjalanan wisatawan nusantara juta,perjalanan,"852,80",1.084,1.5,Sosial,KEMENTERIAN PARIWISATA,"Wisatawan Nusantara, Perjalanan Wisata, Turis Lokal",TRUE,"Program berjalan, ditandai dengan rilis resmi ""Infografis Statistik Pariwisata 2025"" oleh Kemenpar (kolaborasi dengan BPS) yang mencatat perjalanan wisatawan nusantara sangat tinggi di berbagai destinasi: Borobudur-Yogyakarta-Prambanan (56,19 juta kunjungan), Bromo-Tengger-Semeru (50,89 juta kunjungan), dan Greater Jakarta (293 juta kunjungan wisatawan nusantara) sepanjang 2025. Data ini menjadi basis monitoring resmi capaian terhadap target RPJMN 2025-2029 (1.084 juta perjalanan di 2025), disusun sistematis mencakup 10 Destinasi Pariwisata Prioritas dan 3 Destinasi Pariwisata Regenerati",2025-12-10 04:20:46.000,jdih.kemenkoinfra.go.id,https://jdih.kemenkoinfra.go.id/cfind/source/files/perpres/2025/perpres-nomor-12-tahun-2025/lampiran-iii-perpres-nomor-12-tahun-2025.pdf,2025-02-10 00:00:00.000,
213,957,Pengampu Pencapaian Indikator Kegiatan Prioritas,KP 05.05.01 - Nilai ekspor barang di Pulau Sumatera,miliar rupiah,1.159.400 (2022),1.352.500,2.158.700,Industri,KEMENTERIAN PERDAGANGAN,ekspor Sumatera,TRUE,"Program berjalan, ditandai dengan BPS rutin merilis Berita Resmi Statistik bulanan ekspor-impor untuk seluruh provinsi di Sumatera sepanjang 2025,yang mana merupakan sistem monitoring perdagangan berjalan aktif dan konsisten. Sebagai contoh konkret, Sumatera Utara mencatat kenaikan ekspor Februari 2025 sebesar 9,03% (dari US$919,50 juta menjadi US$1.002,49 juta), naik 34,23% dibanding Februari 2024. Sumatera Barat mencatat ekspor kumulatif Januari-April 2025 sebesar US$794,92 juta, naik 25,91% dibanding periode sama 2024, tren pertumbuhan positif konsisten dengan arah target nasional (baseline Rp1.159.400 miliar di 2022 menuju target Rp1.352.500 miliar di 2025)",2025-12-10 04:20:46.000,jdih.kemenkoinfra.go.id,https://jdih.kemenkoinfra.go.id/cfind/source/files/perpres/2025/perpres-nomor-12-tahun-2025/lampiran-iii-perpres-nomor-12-tahun-2025.pdf,2025-02-10 00:00:00.000,
214,961,Pengampu Pencapaian Indikator Kegiatan Prioritas,KP 03.05.01 - PDRB sektor penyediaan akomodasi dan makan minum Borobudur-Yogyakarta- juta,rupiah,"19.976.019,1","22.023.561,06","26.769.776,11",Sosial,KEMENTERIAN PARIWISATA,"PDRB Akomodasi, Makan Minum, Wilayah Borobudur",TRUE,"Program berjalan, ditandai dengan rilis resmi ""Infografis Statistik Pariwisata 2025"" oleh Kemenpar yang secara eksplisit menyajikan PDRB sektor akomodasi serta makan dan minum (PDRB akmamin) sebagai salah satu dari 8 indikator statistik resmi untuk 10 Destinasi Pariwisata Prioritas termasuk Borobudur-Yogyakarta-Prambanan yang didukung data kunjungan wisatawan nusantara yang sangat tinggi di destinasi ini (56,19 juta kunjungan pada 2025), mengindikasikan aktivitas ekonomi akomodasi-makan minum yang kuat di kawasan tersebut",2025-12-10 04:20:46.000,jdih.kemenkoinfra.go.id,https://jdih.kemenkoinfra.go.id/cfind/source/files/perpres/2025/perpres-nomor-12-tahun-2025/lampiran-iii-perpres-nomor-12-tahun-2025.pdf,2026-07-03 09:27:03.911,
215,963,Pengampu Pencapaian Indikator Kegiatan Prioritas,KP 03.05.01 - Devisa pariwisata Borobudur-Yogyakarta-Prambanan juta,USD,334,"718,37","931,00",Sosial,KEMENTERIAN PARIWISATA,"Devisa Pariwisata, Wisatawan Asing, Wilayah Borobudur",TRUE,"Program berjalan, ditandai dengan Laporan Kinerja resmi Deputi Bidang Pengembangan Destinasi dan Infrastruktur Kementerian Pariwisata Tahun 2025 yang mencakup evaluasi kinerja Badan Pelaksana Otorita Borobudur (dibentuk Perpres No. 49/2016) sebagai pengelola kawasan destinasi ini. Kunjungan wisatawan nusantara nasional mencapai 1,02 miliar perjalanan pada 2024 (naik 21,61% dari 2023), menjadi basis pertumbuhan berkelanjutan menuju 2025, didukung publikasi Infografis Statistik Pariwisata 2025 yang mencakup data kunjungan wisatawan mancanegara sebagai basis perhitungan devisa di kawasan Borobudur-Yogyakarta-Prambanan",2025-12-10 04:20:46.000,jdih.kemenkoinfra.go.id,https://jdih.kemenkoinfra.go.id/cfind/source/files/perpres/2025/perpres-nomor-12-tahun-2025/lampiran-iii-perpres-nomor-12-tahun-2025.pdf,2025-02-10 00:00:00.000,
216,976,Koordinator Pencapaian Indikator Program Prioritas,PP 07.05 - Indeks Efektivitas Kinerja Rezim Anti Pencucian Uang,Indeks,"5,37(2022)","5,52","5,83",Birokrasi,KEMENTERIAN KOORDINATOR BIDANG POLITIK DAN KEAMANAN,"pencegahan AML, pelaporan transaksi, supervisi keuangan, kepatuhan lembaga, mitigasi risiko",TRUE,"Program berjalan, ditandai dengan peluncuran Pilot Survei Indeks Efektivitas Kinerja Rezim APUPPT-PPSPM pada Oktober 2025 oleh PPATK bersama Komite TPPU. Pengukuran dilakukan terhadap 29 instansi dengan 43 unit kerja, mencakup lembaga intelijen keuangan, aparat penegak hukum, lembaga pengawas/pengatur, dan pihak pelapor. Skor tertinggi berasal dari dimensi kerangka regulasi & kebijakan (7,35) dan perencanaan program (6,88), sementara tata kelola/koordinasi, kapasitas SDM, dan kinerja operasional masih jadi area penguatan",2025-12-10 04:20:46.000,jdih.kemenkoinfra.go.id,https://jdih.kemenkoinfra.go.id/cfind/source/files/perpres/2025/perpres-nomor-12-tahun-2025/lampiran-iii-perpres-nomor-12-tahun-2025.pdf,2026-03-10 12:00:59.300,
217,996,Pengampu Pencapaian Indikator Kegiatan Prioritas,KP 03.05.07 - Pendapatan dari wisatawan nusantara Bangka Belitung,Rp Miliar,"2.455,23 (2019)","13.161,89","21.763,57",Sosial,KEMENTERIAN PARIWISATA,"Pendapatan Wisata, Wisatawan Nusantara, Bangka Belitung",TRUE,"Program berjalan, ditandai dengan Bangka Belitung tercakup sebagai salah satu dari 10 Destinasi Pariwisata Prioritas dalam Infografis Statistik Pariwisata 2025 resmi Kemenpar, dengan indikator pendapatan wisatawan nusantara sebagai salah satu dari 8 metrik yang dipublikasikan. Kementerian PPN/Bappenas turut mengonfirmasi Bangka Belitung sebagai fokus prioritas pengembangan pariwisata nasional periode 2020-2024 yang berlanjut ke RPJMN 2025-2029, dengan strategi peningkatan Average Spending per Arrival (ASPA) dan Length of Stay (LOS) wisatawan",2025-12-10 04:20:46.000,jdih.kemenkoinfra.go.id,https://jdih.kemenkoinfra.go.id/cfind/source/files/perpres/2025/perpres-nomor-12-tahun-2025/lampiran-iii-perpres-nomor-12-tahun-2025.pdf,2025-02-10 00:00:00.000,
218,1001,Pengampu Pencapaian Indikator Kegiatan Prioritas,KP 03.05.08 - Pendapatan dari wisatawan nusantara Danau Toba,Rp Miliar,1.021 (2018),"2.048,41","2.619,69",Sosial,KEMENTERIAN PARIWISATA,"Pendapatan Wisata, Wisatawan Nusantara, Danau Toba",TRUE,"Program berjalan, ditandai dengan Laporan Kinerja Deputi Bidang Pengembangan Destinasi dan Infrastruktur Kemenpar 2025 yang mencakup evaluasi Badan Pelaksana Otorita Danau Toba (dibentuk berdasarkan Permenpar No. 13/2016) sebagai pengelola kawasan. Danau Toba tercakup sebagai salah satu dari 10 DPP dalam Infografis Statistik Pariwisata 2025, dengan konfirmasi sebelumnya bahwa event olahraga internasional (F1H2O) di kawasan ini berhasil membuka segmen pasar wisata baru, mendorong pertumbuhan kunjungan wisatawan",2025-12-10 04:20:46.000,jdih.kemenkoinfra.go.id,https://jdih.kemenkoinfra.go.id/cfind/source/files/perpres/2025/perpres-nomor-12-tahun-2025/lampiran-iii-perpres-nomor-12-tahun-2025.pdf,2025-02-10 00:00:00.000,
219,1005,Pengampu Pencapaian Indikator Kegiatan Prioritas,KP 03.05.12 - Pendapatan dari wisatawan nusantara Wakatobi miliar,rupiah,108,"132,95","305,40",Sosial,KEMENTERIAN PARIWISATA,"Pendapatan Wisata, Wisatawan Nusantara, Wisata Wakatobi",TRUE,"Program berjalan, ditandai dengan Wakatobi tercakup sebagai salah satu dari 10 Destinasi Pariwisata Prioritas dalam Infografis Statistik Pariwisata 2025 resmi Kemenpar (kolaborasi BPS dan BKPM), dengan pendapatan wisatawan nusantara sebagai salah satu dari 8 indikator yang diukur dan dipublikasikan sistematis untuk seluruh destinasi prioritas nasional",2025-12-10 04:20:46.000,jdih.kemenkoinfra.go.id,https://jdih.kemenkoinfra.go.id/cfind/source/files/perpres/2025/perpres-nomor-12-tahun-2025/lampiran-iii-perpres-nomor-12-tahun-2025.pdf,2025-02-10 00:00:00.000,
220,1010,Pengampu Pencapaian Indikator Kegiatan Prioritas,KP 03.05.10 - PDRB sektor penyediaan akomodasi dan makan minum Labuan Bajo juta,rupiah,38.85,"42.889,25","52.062,72",Sosial,KEMENTERIAN PARIWISATA,"PDRB Akomodasi, Makan Minum, Labuan Bajo",TRUE,"Program berjalan, ditandai dengan Laporan Kinerja Deputi Bidang Pengembangan Destinasi dan Infrastruktur Kemenpar 2025 yang mencakup evaluasi Badan Pelaksana Otorita Labuan Bajo Flores (dibentuk Permenpar No. 7/2018) sebagai pengelola kawasan. Labuan Bajo tercakup dalam Infografis Statistik Pariwisata 2025 dengan PDRB sektor akomodasi dan makan minum (PDRB akmamin) sebagai salah satu dari 8 indikator resmi yang dipublikasikan Kemenpar-BPS-BKPM untuk seluruh Destinasi Pariwisata Prioritas",2025-12-10 04:20:46.000,jdih.kemenkoinfra.go.id,https://jdih.kemenkoinfra.go.id/cfind/source/files/perpres/2025/perpres-nomor-12-tahun-2025/lampiran-iii-perpres-nomor-12-tahun-2025.pdf,2025-02-10 00:00:00.000,
221,1011,Pengampu Pencapaian Indikator Kegiatan Prioritas,KP 03.05.10 - Pendapatan dari wisatawan nusantara Labuan Bajo miliar,rupiah,"974,49","1.175,23","2.488,59",Sosial,KEMENTERIAN PARIWISATA,"Pendapatan Wisata, Wisatawan Nusantara, Labuan Bajo",TRUE,"Program berjalan, ditandai dengan Laporan Kinerja Deputi Bidang Pengembangan Destinasi dan Infrastruktur Kemenpar 2025 yang mencakup evaluasi Badan Pelaksana Otorita Labuan Bajo Flores sebagai pengelola kawasan. Labuan Bajo tercakup dalam Infografis Statistik Pariwisata 2025 dengan pendapatan wisatawan nusantara sebagai salah satu dari 8 indikator resmi yang dipublikasikan Kemenpar-BPS-BKPM",2025-12-10 04:20:46.000,jdih.kemenkoinfra.go.id,https://jdih.kemenkoinfra.go.id/cfind/source/files/perpres/2025/perpres-nomor-12-tahun-2025/lampiran-iii-perpres-nomor-12-tahun-2025.pdf,2025-02-10 00:00:00.000,
222,1026,Koordinator Pencapaian Indikator Program Prioritas,PP 07.03 - Indeks Kelembagaan Hukum,Indeks,"0,73(2023)","0,76","0,80",Birokrasi,KEMENTERIAN KOORDINATOR BIDANG POLITIK DAN KEAMANAN,"reformasi hukum, kualitas lembaga, tata kelola hukum, efektivitas institusi, struktur peradilan",TRUE  ,"Program berjalan, ditandai dengan FGD lintas kementerian/lembaga (Mei 2025) untuk mengawal capaian IPH, termasuk pilar Kelembagaan Hukum, serta proses peralihan kewenangan penghitungan indeks dari Bappenas ke BPHN. Namun capaian angka pilar Kelembagaan Hukum menunjukkan tren menurun (0,72 di 2023 → 0,67 di 2024, data resmi terbaru yang tersedia), jauh dari target 2025 (0,76). Aktivitas kelembagaan/koordinasi tetap berlangsung sebagai respons atas tren ini, termasuk rakor evaluasi (April 2026) dan FGD penguatan SDM aparat penegak hukum (Juni 2026)",2025-12-10 04:20:46.000,jdih.kemenkoinfra.go.id,https://jdih.kemenkoinfra.go.id/cfind/source/files/perpres/2025/perpres-nomor-12-tahun-2025/lampiran-iii-perpres-nomor-12-tahun-2025.pdf,2026-07-03 09:27:03.911,
223,1027,Koordinator Pencapaian Indikator Program Prioritas,PP 07.03 - Indeks Penegakan Hukum,Indeks,"0,64(2023)","0,73","0,77",Birokrasi,KEMENTERIAN KOORDINATOR BIDANG POLITIK DAN KEAMANAN,"kepastian hukum, profesionalitas aparat, transparansi penegakan, proses hukum adil, keadilan publik",TRUE  ,"Program berjalan, ditandai dengan FGD nasional ""Penyelarasan Pengawalan Indeks Pembangunan Hukum Tahun 2025"" (21 Mei 2025) yang mengawal seluruh 5 pilar IPH termasuk Penegakan Hukum, dan berlanjut dengan rakor-rakor tindak lanjut di berbagai daerah hingga 2026 (contoh: Lampung, Mei 2026). Data pengukuran resmi terbaru (IPH 2024) menunjukkan skor pilar Penegakan Hukum stagnan di 0,64 (sama dengan baseline 2023), tanpa kemajuan (menjadikannya pilar paling tertinggal dari 5 pilar IPH). Meski capaian angka belum sesuai target 2025 (0,73), aktivitas koordinasi dan pengawalan program tetap konsisten berjalan dari 2025 hingga saat ini",2025-12-10 04:20:46.000,jdih.kemenkoinfra.go.id,https://jdih.kemenkoinfra.go.id/cfind/source/files/perpres/2025/perpres-nomor-12-tahun-2025/lampiran-iii-perpres-nomor-12-tahun-2025.pdf,2026-07-03 09:27:03.911,
224,1032,Pengampu Pencapaian Indikator Kegiatan Prioritas,"KP 03.06.02 - Jumlah tenaga kerja subsektor film, animasi, video, dan musik ribu",orang,188,203,225,Industri,KEMENTERIAN EKONOMI KREATIF/BADAN EKONOMI KREATIF,"Tenaga Kerja, Subsektor Film, Pekerja Kreatif",TRUE  ,"Program berjalan, ditandai dengan penetapan Kabupaten Cilacap sebagai KaTa Kreatif 2025 dengan subsektor unggulan Film, Animasi, dan Video merupakan bagian dari Program Pengembangan Kabupaten/Kota Kreatif yang secara eksplisit dirancang untuk membangun ekosistem penyerap tenaga kerja subsektor ini di daerah. Secara makro, sektor ekonomi kreatif keseluruhan (termasuk subsektor ini) mencatat penyerapan 26,47 juta tenaga kerja pada 2024 sudah melampaui target 2025 sebesar 25,55 juta, menunjukkan tren pertumbuhan lapangan kerja kreatif yang kuat dan mendukung arah capaian subsektor film/animasi/video/musik secara spesifik",2025-12-10 04:20:46.000,jdih.kemenkoinfra.go.id,https://jdih.kemenkoinfra.go.id/cfind/source/files/perpres/2025/perpres-nomor-12-tahun-2025/lampiran-iii-perpres-nomor-12-tahun-2025.pdf,2025-02-10 00:00:00.000,
225,1036,Pengampu Pencapaian Indikator Kegiatan Prioritas,KP 03.06.04 - Pertumbuhan PDB subsektor aplikasi dan gim,persen,"2,58","6,7-7,0","8,3-10,7",Industri,KEMENTERIAN EKONOMI KREATIF/BADAN EKONOMI KREATIF,"Aplikasi Gim, Pertumbuhan PDB, Subsektor Digital",TRUE  ,"Program berjalan, ditandai dengan hasil resmi Sensus Ekonomi 2026 Sektor Ekonomi Kreatif (dirilis BPS, 29 Juni 2026) yang mengonfirmasi subsektor aplikasi dan pengembang gim mencatat pertumbuhan 18,22% sepanjang 2025, pertumbuhan tercepat di antara seluruh subsektor ekraf, bahkan melampaui pertumbuhan ekonomi kreatif nasional secara keseluruhan (6,86%) dan pertumbuhan ekonomi nasional (5,11%). Subsektor aplikasi juga menjadi pemimpin realisasi investasi ekraf 2025 (mengungguli fesyen dan kuliner untuk pertama kalinya), diumumkan Menteri Ekraf di ajang Badan Ekraf Developer Day (BDD) 2025 di Bandung. Program didukung skema insentif khusus subsektor prioritas (film, gim, aplikasi) serta kolaborasi lintas kementerian (Komdigi, Kemendag) untuk mendorong investasi sektor gim",2025-12-10 04:20:46.000,jdih.kemenkoinfra.go.id,https://jdih.kemenkoinfra.go.id/cfind/source/files/perpres/2025/perpres-nomor-12-tahun-2025/lampiran-iii-perpres-nomor-12-tahun-2025.pdf,2025-02-10 00:00:00.000,
226,1043,Koordinator Pencapaian Indikator Program Prioritas,PP 07.06 - Indeks P4GN,Indeks,"63,6","63,7",67,Kesehatan,BADAN NARKOTIKA NASIONAL,"P4GN indeks, pencegahan narkoba, pemberantasan narkoba, resistensi narkoba, ketahanan sosial",TRUE  ,"Program berjalan, ditandai dengan rilis capaian kinerja P4GN akhir tahun 2025 yang diselenggarakan serentak oleh BNN Provinsi dan Kabupaten/Kota di seluruh Indonesia sepanjang Desember 2025 (dicontohkan Kalimantan Tengah, Banda Aceh, Muara Enim, Sleman, Tanah Laut, Karimun, Cianjur) yang menunjukkan sistem pelaporan akuntabilitas kinerja P4GN berjalan konsisten hingga tingkat kabupaten/kota. Realisasi resmi tingkat nasional (berdasarkan Laporan Kinerja BNN 2025) mengonfirmasi Indeks P4GN mencapai 67,3, melampaui target Perjanjian Kinerja 2025 (65,1).",2025-12-10 04:20:46.000,jdih.kemenkoinfra.go.id,https://jdih.kemenkoinfra.go.id/cfind/source/files/perpres/2025/perpres-nomor-12-tahun-2025/lampiran-iii-perpres-nomor-12-tahun-2025.pdf,2025-02-10 00:00:00.000,
227,1045,Koordinator Pencapaian Indikator Program Prioritas,PP 08.04 - Persentase penurunan nilai Indeks resiko Bencana Nasional,persen,"1,54 (2023)","1,2","1,2",Pertahanan,BADAN NASIONAL PENANGGULANGAN BENCANA,"indeks risiko bencana, penurunan nilai risiko, bencana nasional, indeks rata-rata, risiko prioritas nasional",TRUE,"Program berjalan, ditandai dengan BNPB melaksanakan Rapat Koordinasi Pembahasan Indeks Risiko Bencana (4 September 2025), dipimpin Andre Notohamijoyo, membahas sinkronisasi IRBI (Indeks Risiko Bencana Indonesia), IKD (Indeks Ketahanan Daerah), dan SPM sub-urusan bencana untuk menghasilkan kebijakan pengurangan risiko yang tepat sasaran di seluruh provinsi/kabupaten/kota. Direktur Pemetaan dan Evaluasi Penanggulangan Bencana BNPB, Udrecht, mengonfirmasi perhitungan IRBI 2025 rampung Desember 2025, dipublikasikan melalui portal resmi inaRISK BNPB yang menyediakan dashboard IRBI 2025 interaktif per provinsi/kabupaten/kota dan jenis bencana. BNPB juga menerbitkan Peraturan BNPB No. 5 Tahun 2025 sebagai landasan evaluasi Renstra dan pengukuran indeks risiko bencana berkelanjutan",2025-12-10 04:20:46.000,jdih.kemenkoinfra.go.id,https://jdih.kemenkoinfra.go.id/cfind/source/files/perpres/2025/perpres-nomor-12-tahun-2025/lampiran-iii-perpres-nomor-12-tahun-2025.pdf,2025-02-10 00:00:00.000,
228,1052,Koordinator Pencapaian Indikator Prioritas Nasional,PN 06 - Persentase desa mandiri,persen,"22,85","23,29","25,79",Infrastruktur,KEMENTERIAN DESA DAN PEMBANGUNAN DAERAH TERTINGGAL,"Desa Mandiri, Status Desa, Pembangunan Desa",TRUE,"Program berjalan, ditandai dengan laporan resmi Menteri Desa PDT Yandri Susanto yang mengonfirmasi jumlah desa mandiri nasional meningkat menjadi 20.503 desa (naik 4,38% dari tahun 2024). Di tingkat provinsi, Jawa Tengah mencatat 2.208 desa mandiri berdasarkan Data Indeks Desa 2025, metodologi pengukuran yang beralih dari IDM ke Indeks Desa (ID) sesuai Permendes PDTT Nomor 9 Tahun 2024, mencakup 6 dimensi penilaian (layanan dasar, sosial, ekonomi, lingkungan, aksesibilitas, tata kelola)",2025-12-10 04:20:46.000,jdih.kemenkoinfra.go.id,https://jdih.kemenkoinfra.go.id/cfind/source/files/perpres/2025/perpres-nomor-12-tahun-2025/lampiran-iii-perpres-nomor-12-tahun-2025.pdf,2025-02-10 00:00:00.000,
229,1055,Pengampu Pencapaian Indikator Kegiatan Prioritas,KP 07.02.03 - Tingkat kepatutan hukum lembaga hukum,Persen,"0,95 (2023)","0,94","0,98",Birokrasi,KEMENTERIAN HUKUM,"Lembaga Hukum, Aparat Hukum, Integritas Hukum, Akuntabilitas Hukum, Kinerja Lembaga",TRUE,"Program berjalan, ditandai dengan tercantumnya indikator ini secara resmi dalam Rencana Strategis Kementerian Hukum 2025-2029 (Permenkum No. 42/2025), pemetaan risiko pencapaian di tingkat Kanwil (Jatim & Jateng), perluasan Pos Bantuan Hukum (Posbankum) Desa/Kelurahan yang mencapai 71.868 unit dari target 7.000, serta analisis-evaluasi 121 UU pusat dan 256 Perda sepanjang 2025",2025-12-10 04:20:46.000,jdih.kemenkoinfra.go.id,https://jdih.kemenkoinfra.go.id/cfind/source/files/perpres/2025/perpres-nomor-12-tahun-2025/lampiran-iii-perpres-nomor-12-tahun-2025.pdf,2026-07-03 09:27:03.911,
230,1059,Pengampu Pencapaian Indikator Kegiatan Prioritas,KP 06.07.02 - Persentase desa berketahanan iklim,persen,"33,73","34,73","38,73",Infrastruktur,KEMENTERIAN DESA DAN PEMBANGUNAN DAERAH TERTINGGAL,"Ketahanan Iklim, Desa Iklim, Lingkungan Desa",TRUE,"Program berjalan, ditandai dengan penegasan resmi Kemendes PDT bahwa Dana Desa Tahun Anggaran 2025 secara eksplisit diarahkan untuk kegiatan adaptasi, mitigasi bencana alam dan perubahan iklim, sesuai Permendes No. 2 Tahun 2024 dan Kepmen PDT No. 501/2024 yang disampaikan dalam Dialog Publik Desa Peduli Iklim dan Desa Tanggap Bencana (27 Mei 2025). Program berlanjut dengan Workshop Formula Indeks Risiko Iklim Desa (IRID) sebagai insentif tambahan Dana Desa di daerah tertinggal (28 November 2025), serta kolaborasi lintas kementerian melalui sosialisasi Program Kampung Iklim (ProKlim) bersama KLHK di berbagai desa (dicontohkan Desa Muara Jaya, Kabupaten Balangan). Kebijakan diperkuat lewat Permendes No. 16 Tahun 2025 (ditetapkan 29 Desember 2025) yang menjadikan ""Desa Berketahanan Iklim dan Tangguh Bencana"" sebagai salah satu fokus prioritas resmi penggunaan Dana Desa tahun berikutnya, yang merupakan bukti keberlanjutan program dari 2025 ke 2026",2025-12-10 04:20:46.000,jdih.kemenkoinfra.go.id,https://jdih.kemenkoinfra.go.id/cfind/source/files/perpres/2025/perpres-nomor-12-tahun-2025/lampiran-iii-perpres-nomor-12-tahun-2025.pdf,2025-02-10 00:00:00.000,
231,1060,Pengampu Pencapaian Indikator Kegiatan Prioritas,KP 06.07.03 - Persentase desa yang menerapkan layanan berbasis digital,persen,74,76,84,Infrastruktur,KEMENTERIAN DESA DAN PEMBANGUNAN DAERAH TERTINGGAL,"Layanan Digital, Desa Digital, Teknologi Desa",TRUE,"Program berjalan, ditandai dengan Lomba Desa Digital 2025 yang digelar Kemendes PDT (diumumkan 23 Mei 2025) sebagai instrumen resmi mengukur perkembangan desa yang telah menerapkan digitalisasi layanan pemerintahan, kemasyarakatan, dan pembangunan yang terbuka bagi seluruh desa di Indonesia sebagai tindak lanjut kebijakan UU No. 62/2024 tentang APBN 2025 yang mewajibkan prioritas Dana Desa untuk teknologi informasi",2025-12-10 04:20:46.000,jdih.kemenkoinfra.go.id,https://jdih.kemenkoinfra.go.id/cfind/source/files/perpres/2025/perpres-nomor-12-tahun-2025/lampiran-iii-perpres-nomor-12-tahun-2025.pdf,2025-02-10 00:00:00.000,
232,1064,Koordinator Pencapaian lndikator Sasaran Utama Pembangunan,Kontribusi PDB Manufaktur,Persen,"18,67 (2023)","20,8","21,9",Industri,KEMENTERIAN KOORDINATOR BIDANG PEREKONOMIAN,"Industri Ringan, Industri Berat, Ekspor Manufaktur, Tenaga Kerja, Pertumbuhan Industri",TRUE,"Program berjalan, ditandai dengan data resmi BPS yang dikonfirmasi Kementerian Perindustrian: kontribusi sektor manufaktur terhadap PDB nasional naik konsisten dari 18,34% (2022) menjadi 19,07% pada penutupan 2025, kenaikan bertahap tiap tahun. Kemenperin mencatat 16 dari 23 subsektor industri pengolahan berada dalam fase ekspansi (kontribusi 78,3% terhadap PDB industri nonmigas), dengan industri kendaraan bermotor dan percetakan sebagai subsektor berkinerja tertinggi. Purchasing Manager Index (PMI) dan Indeks Kepercayaan Industri (IKI) juga menunjukkan tren ekspansif sepanjang 2025, mengindikasikan optimisme pelaku industri",2025-12-10 04:20:46.000,jdih.kemenkoinfra.go.id,https://jdih.kemenkoinfra.go.id/cfind/source/files/perpres/2025/perpres-nomor-12-tahun-2025/lampiran-iii-perpres-nomor-12-tahun-2025.pdf,2025-02-10 00:00:00.000,
233,1066,Koordinator Pencapaian lndikator Sasaran Utama Pembangunan,Global Power Index,peringkat,34(2023),33,29,Pertahanan,KEMENTERIAN KOORDINATOR BIDANG POLITIK DAN KEAMANAN,"data gizi, sistem informasi, integrasi data, monitoring gizi, dashboard gizi",TRUE,"Program berjalan, ditandai dengan Kemenko Polkam menggelar Rapat Koordinasi Strategi Pencapaian Asia Power Index (API) dalam RPJMN 2025-2029 (20 Agustus 2025), dipimpin Brigjen TNI Kresno Pratowo, membahas sinkronisasi lintas kementerian untuk dua indikator utama: Military Capability Index (skor 2024: peringkat ke-13, nilai 15,7, target naik ke 16 pada 2025 dan 20 pada 2029) dan Diplomatic Influence (skor 2024: 65,6, target 66,1 pada 2029). Program melibatkan kolaborasi TNI, BRIN, dan Bappenas, mencakup strategi modernisasi alutsista, penguatan SDM, dan pengembangan industri pertahanan nasional",2025-12-10 04:20:46.000,jdih.kemenkoinfra.go.id,https://jdih.kemenkoinfra.go.id/cfind/source/files/perpres/2025/perpres-nomor-12-tahun-2025/lampiran-iii-perpres-nomor-12-tahun-2025.pdf,2026-07-03 09:27:03.911,
234,1071,Koordinator Pencapaian Indikator Program Prioritas,PP 07.02 - Indeks Materi Hukum,Indeks,"0,60 (2023)","0,51","0,55",Birokrasi,KEMENTERIAN HUKUM,"Materi Hukum, Kualitas UU, Regulasi, Harmonisasi Hukum, Legislasi",TRUE,"Program berjalan, ditandai dengan terselenggaranya Forum Tindak Lanjut Rekomendasi Hasil Analisis dan Evaluasi Peraturan Perundang-undangan oleh BPHN, serta selesainya evaluasi 121 UU pusat dan 256 Perda sepanjang 2025 sebagai bagian dari upaya harmonisasi regulasi",2025-12-10 04:20:46.000,jdih.kemenkoinfra.go.id,https://jdih.kemenkoinfra.go.id/cfind/source/files/perpres/2025/perpres-nomor-12-tahun-2025/lampiran-iii-perpres-nomor-12-tahun-2025.pdf,2026-07-03 09:27:03.911,
235,1074,Koordinator Pencapaian Indikator Program Prioritas,"PP 04.02 - Persentase satuan pendidikan yang memiliki indeks karakter, indeks iklim keamanan sekolah dan indeks inidusivitas dan kebinekaan pada kategori baik",persen,"33,03 (2023)","33,24","34,08",Pendidikan,KEMENTERIAN PENDIDIKAN DASAR DAN MENENGAH,"Karakter Siswa, Iklim Sekolah, Keamanan Sekolah, Kebinekaan, Rapor Pendidikan",TRUE,"Program berjalan, ditandai dengan peluncuran resmi Rapor Pendidikan Indonesia 2025 oleh Kemendikdasmen (16 Juli 2025) melalui Badan Standar, Kurikulum, dan Asesmen Pendidikan (BSKAP), menghadirkan data tervalidasi berdasarkan data pendidikan tahun 2024, dengan penambahan indikator PAUD dan Indeks Standar Pelayanan Minimal (SPM) Pendidikan. Pusat Studi Pendidikan dan Kebijakan (PSPK) merilis analisis independen (28 Maret 2025) yang mengonfirmasi sistem pengukuran berjalan aktif, meski hasilnya menunjukkan penurunan jumlah satuan pendidikan berkategori ""Baik"" pada indeks karakter (SD turun 18,46%), iklim keamanan, dan kebinekaan (penurunan terbesar di jenjang SMK). Kemendikdasmen kemudian memperkuat instrumen ini dengan menambahkan 3 indikator mutu baru (Maret 2026): Ketersediaan Buku Pendidikan dan Kesiapsiagaan Bencana/Perubahan Iklim",2025-12-10 04:20:46.000,jdih.kemenkoinfra.go.id,https://jdih.kemenkoinfra.go.id/cfind/source/files/perpres/2025/perpres-nomor-12-tahun-2025/lampiran-iii-perpres-nomor-12-tahun-2025.pdf,2025-02-10 00:00:00.000,
236,1075,Koordinator Pencapaian Indikator Program Prioritas,PP 04.04 - Indeks Pemerataan Guru,Indeks,"36,91","35,91","31,91",Pendidikan,KEMENTERIAN PENDIDIKAN DASAR DAN MENENGAH,"Pemerataan Guru, Distribusi Guru, Guru 3T, Rotasi Guru, Kekurangan Guru",TRUE,"Program berjalan, ditandai dengan penerbitan Permendikdasmen Nomor 1 Tahun 2025 dan Kepmendikdasmen Nomor 82/O/2025 tentang mekanisme redistribusi guru ASN, dipaparkan Dirjen GTKPG Nunuk Suryani dan Wamendikdasmen Atip Latipulhayat dalam Taklimat Media 2025 (23 Oktober 2025). Kebijakan ""guru paruh waktu"" diterapkan sebagai langkah transisi menuju sistem ASN penuh (target 2026 tanpa guru honorer). Bukti eksekusi lapangan konkret: Dinas Pendidikan Provinsi Gorontalo menggelar rapat pembahasan Indeks Pemerataan Guru (IPG) bersama KGTK (5 Juni 2025) untuk memetakan kebutuhan guru per sekolah/wilayah. Data resmi terkini mengonfirmasi total 3,27 juta guru di bawah Kemendikdasmen dan 935 ribu guru di bawah Kemenag, dengan kesenjangan distribusi masih terkonsentrasi di Papua, NTT, dan Kalimantan Utara. Dataset resmi ""Indeks Pemerataan Guru 2025"" telah dipublikasikan oleh Ditjen GTKPG melalui portal data.kemendikdasmen.go.id ",2025-12-10 04:20:46.000,jdih.kemenkoinfra.go.id,https://jdih.kemenkoinfra.go.id/cfind/source/files/perpres/2025/perpres-nomor-12-tahun-2025/lampiran-iii-perpres-nomor-12-tahun-2025.pdf,2025-02-10 00:00:00.000,
237,1077,Koordinator Pencapaian Indikator Program Prioritas,PP 04.06 - Angka Partisipasi Kasar (APK) Pendidikan Tinggi,persen,"31,45 (2023)","33,94","38,04",Pendidikan,"KEMENTERIAN PENDIDIKAN TINGGI, SAINS, DAN TEKNOLOGI","APK PT, Mahasiswa Baru, Kuliah, Akses Kampus, Angka Partisipasi",TRUE,"Program berjalan, ditandai dengan data resmi BPS yang dikonfirmasi berulang oleh pejabat Kemendiktisaintek. APK Pendidikan Tinggi 2025 mencapai 32,85-32,89%, naik dari baseline 31,45% (2023), namun belum mencapai target 2025 (33,94%). Kemendiktisaintek menggelar Rapat Koordinasi ""Penyamaan Persepsi Indikator RPJMN 2025-2029"" (13 Maret 2025) bersama Bappenas dan Kemendikdasmen untuk menyusun strategi peningkatan akses. Program didukung KIP Kuliah sebagai instrumen utama perluasan akses, meski Anggota Komisi X DPR RI mengkritik target pertumbuhan sebagai ""tidak realistis"" mengingat anggaran KIP yang terbatas (Februari 2026). Data menunjukkan kesenjangan tajam antardaerah: DIY tertinggi (74,70%) vs Sumatera Selatan terendah (27,41%)",2025-12-10 04:20:46.000,jdih.kemenkoinfra.go.id,https://jdih.kemenkoinfra.go.id/cfind/source/files/perpres/2025/perpres-nomor-12-tahun-2025/lampiran-iii-perpres-nomor-12-tahun-2025.pdf,2026-07-03 09:27:03.911,
238,1080,Koordinator Pencapaian Indikator Program Prioritas,PP 04.06 - Proporsi Mahasiswa Baru Berkualitas di Prodi STEM Terakreditasi Unggul,persen,"23,6 (2020)","28,8","33,1",Pendidikan,"KEMENTERIAN PENDIDIKAN TINGGI, SAINS, DAN TEKNOLOGI","Mahasiswa STEM, Prodi STEM, Sains Teknologi, Teknik, Maba Berkualitas",TRUE,"Program berjalan, ditandai dengan penetapan Permendiktisaintek Nomor 39 Tahun 2025 tentang Penjaminan Mutu Pendidikan Tinggi, yang merupakan regulasi resmi yang menyederhanakan status akreditasi menjadi 3 kategori (Terakreditasi, Terakreditasi Unggul, Tidak Terakreditasi) dan secara eksplisit mensyaratkan program percepatan pendidikan (lintas jenjang S1-S2-S3) hanya bagi mahasiswa dari prodi berstatus Terakreditasi Unggul atau Internasional. Data resmi Kemendiktisaintek per 2025 mengonfirmasi baru 6% program studi meraih akreditasi A/Unggul dari total 33.741 prodi, sementara lulusan STEM Indonesia baru mencapai 18,47%, yang mana jauh tertinggal dibanding Vietnam (23,38%), Thailand (27,31%), apalagi Malaysia (37,19%) dan Singapura (34,3%). Kebijakan ini diperkuat lebih lanjut lewat Permendiktisaintek No. 10 Tahun 2026 yang mempertegas konsekuensi hukum bagi prodi yang gagal memenuhi standar mutu (termasuk pencabutan izin)",2025-12-10 04:20:46.000,jdih.kemenkoinfra.go.id,https://jdih.kemenkoinfra.go.id/cfind/source/files/perpres/2025/perpres-nomor-12-tahun-2025/lampiran-iii-perpres-nomor-12-tahun-2025.pdf,2026-07-03 09:27:03.911,
239,1084,Koordinator Pencapaian Indikator Program Prioritas,PP 07.08 - Indeks Pelayanan Publik,Indeks,"3,78 (2023)","3,68","3,80",Birokrasi,KEMENTERIAN PENDAYAGUNAAN APARATUR NEGARA DAN REFORMASI BIROKRASI,"Pelayanan Publik, Kepuasan Masyarakat, Standar Layanan, Transparansi Layanan, Inovasi Pelayanan",TRUE,"Program berjalan, ditandai dengan dirilisnya hasil resmi Pemantauan dan Evaluasi Kinerja Penyelenggaraan Pelayanan Publik (PEKPPP) Tahun 2025 oleh KemenPANRB (Kepmenpan RB No. 3/2026), yang mengukur skor riil ratusan instansi/daerah. Dicontohkan Kota Surabaya (4,84, tertinggi nasional) dan Jawa Timur (4,75, provinsi terbaik nasional, naik dari 4,36 di 2023)",2025-12-10 04:20:46.000,jdih.kemenkoinfra.go.id,https://jdih.kemenkoinfra.go.id/cfind/source/files/perpres/2025/perpres-nomor-12-tahun-2025/lampiran-iii-perpres-nomor-12-tahun-2025.pdf,2025-02-10 00:00:00.000,
240,1087,Koordinator Pencapaian Indikator Program Prioritas,PP 02.04 - Fragile State Index,Indeks,"63,7","62,8","59,2",Pertahanan,BADAN INTELIJEN NEGARA,"stabilitas, kerentanan negara, keamanan, risiko, governance",TRUE,"Program berjalan, ditandai dengan Kemenko Polkam menggelar Rapat Koordinasi Evaluasi Koordinasi Intelijen Tahun 2025 (Desember 2025) yang meninjau efektivitas kerja sama intelijen sepanjang tahun dan menyepakati penguatan peran BIN sebagai Koordinator Intelijen nasional. Sebagai catatan metodologis: skor Fragile States Index (FSI) resmi dari Fund for Peace untuk tahun 2025 belum dipublikasikan per Agustus 2026 pada situs resminya masih menampilkan data terbaru dari FSI 2024 (skor 63,7, sesuai baseline), mengindikasikan pola publikasi tahunan dengan jeda waktu",2025-12-10 04:20:46.000,jdih.kemenkoinfra.go.id,https://jdih.kemenkoinfra.go.id/cfind/source/files/perpres/2025/perpres-nomor-12-tahun-2025/lampiran-iii-perpres-nomor-12-tahun-2025.pdf,2025-02-10 00:00:00.000,
241,1089,Pengampu Pencapaian Indikator Kegiatan Prioritas,KP 02.05.02 - Rata-rata Competency Gap Index (CGI) SDM siber dan sandi,persen,- (Indikator Baru),16,8,Pertahanan,BADAN SIBER DAN SANDI NEGARA,"kompetensi SDM, gap index, siber, pelatihan, SDM",TRUE,"Program berjalan, ditandai dengan Lembaga Sertifikasi Profesi (LSP) BSSN menggelar Webinar Sosialisasi Sertifikasi Kompetensi SDM Keamanan Siber dan Sandi (30 Januari 2025), dengan hasil kumulatif sertifikasi 2023-2024 mencatat 1.290 orang diuji, 1.116 dinyatakan kompeten dengan data konkret yang menjadi basis pengukuran Competency Gap Index. Program berlanjut dengan sosialisasi sertifikasi kompetensi bagi Taruna Politeknik Siber dan Sandi Negara (Poltek SSN) tingkat III dan IV (19 Maret 2025, Bogor), mencakup skema cryptographic analyst dan penetration tester. BSSN juga telah menghasilkan ribuan lulusan pelatihan SDM keamanan siber lintas sektor periode 2019-2024 (2.738 lulusan pelatihan teknis internal, 1.694 lulusan pelatihan fungsional, 1.002 lulusan program born to defence) sebagai basis data historis pengukuran gap kompetensi",2025-12-10 04:20:46.000,jdih.kemenkoinfra.go.id,https://jdih.kemenkoinfra.go.id/cfind/source/files/perpres/2025/perpres-nomor-12-tahun-2025/lampiran-iii-perpres-nomor-12-tahun-2025.pdf,2025-02-10 00:00:00.000,
242,1095,Pengampu Pencapaian Indikator Kegiatan Prioritas,KP 07.10.05 - Nilai Indeks Satu data Indonesia,Indeks,(indikator baru),51-70,91-100,Birokrasi,KEMENTERIAN PERENCANAAN PEMBANGUNAN NASIONAL/BADAN PERENCANAAN PEMBANGUNAN NASIONAL (BAPPENAS),"satu data, interoperabilitas, metadata, kualitas data, integrasi nasional",TRUE,"Program berjalan, ditandai dengan rampungnya Evaluasi Penyelenggaraan Satu Data Indonesia (SDI) Tahun 2025 oleh Bappenas, dengan hasil resmi dipublikasikan (surat Deputi Bidang Ekonomi & Transformasi Digital Bappenas, 31 Desember 2025). Dicontohkan skor Jawa Timur 90,13 (peringkat 1 nasional), melonjak dari 76,96 di tahun sebelumnya, menunjukkan sistem evaluasi sudah beroperasi dan menghasilkan skor konkret per instansi/daerah",2025-12-10 04:20:46.000,jdih.kemenkoinfra.go.id,https://jdih.kemenkoinfra.go.id/cfind/source/files/perpres/2025/perpres-nomor-12-tahun-2025/lampiran-iii-perpres-nomor-12-tahun-2025.pdf,2025-02-10 00:00:00.000,
243,1109,Pengampu Pencapaian Indikator Kegiatan Prioritas,KP 01.02.02 - Jumlah peserta pelatihan peningkatan kapasitas SDM bidang kominfo yang bertalenta digital,orang,141.3,40.1,200.3,Pendidikan,KEMENTERIAN KOMUNIKASI DAN DIGITAL,"pelatihan digital, talenta TIK, kapasitas SDM, kompetensi digital, pelatihan",TRUE,"Program berjalan, ditandai dengan peluncuran resmi Digital Talent Scholarship (DTS) 2025 oleh BPSDM Komdigi (Juni 2025), menargetkan 100.000 lulusan dari berbagai pelatihan teknologi (AI, Cyber Security, Cloud Computing, Coding, Digital Marketing) yang melibatkan kemitraan strategis dengan perusahaan teknologi global (Microsoft, Oracle, Alibaba, AWS, Google, Huawei, Cisco, ZTE, Indosat) serta perguruan tinggi. Bukti eksekusi lapangan konkret: sertifikasi kompetensi bidang TIK untuk 44 lulusan SMK/sederajat melalui skema Vocational School Graduate Academy (VSGA) di Universitas Tidar, Magelang (14-16 Juli 2025), menghasilkan Sertifikat Kompetensi Kerja Nasional dari LSP berlisensi BNSP. Program didukung dataset resmi terbuka ""Jumlah Peserta Digital Talent Scholarship"" di portal Satu Data Komdigi",2025-12-10 04:20:46.000,jdih.kemenkoinfra.go.id,https://jdih.kemenkoinfra.go.id/cfind/source/files/perpres/2025/perpres-nomor-12-tahun-2025/lampiran-iii-perpres-nomor-12-tahun-2025.pdf,2025-02-10 00:00:00.000,
244,1117,Pengampu Pencapaian Indikator Kegiatan Prioritas,KP 02.14.001 - Proporsi remaja dan dewasa usia 15-59 tahun dengan keterampilan Teknologi Informasi Dan Komputer (TIK),persen,79 (2023),83,90,Pendidikan,KEMENTERIAN KOMUNIKASI DAN DIGITAL,"keterampilan TIK, literasi digital, skill komputer, kompetensi TIK, edukasi",TRUE,"Program berjalan, ditandai dengan Kementerian Komdigi merilis hasil resmi Indeks Masyarakat Digital Indonesia (IMDI) 2025 (2 Oktober 2025), mencatat skor nasional 44,53 yang naik 1,19 poin dari 2024 (43,34), melanjutkan tren kenaikan konsisten sejak 2022 (37,80 -> 43,18 -> 43,34 -> 44,53). Survei melibatkan lebih dari 18.000 responden individu dan 11.000 responden industri, mencakup 514 kabupaten/kota, dengan pilar ""keterampilan digital"" sebagai salah satu dari empat pilar utama pengukuran. Program didukung peluncuran resmi (24 Januari 2025) oleh Wamenkomdigi Angga Raka Prabowo di BPPTIK Cikarang, termasuk transformasi 9 balai daerah menjadi Digital Talent Center (DTC) dan peluncuran Politeknik Digital Jogja (Poldigi)",2025-12-10 04:20:46.000,jdih.kemenkoinfra.go.id,https://jdih.kemenkoinfra.go.id/cfind/source/files/perpres/2025/perpres-nomor-12-tahun-2025/lampiran-iii-perpres-nomor-12-tahun-2025.pdf,2025-02-10 00:00:00.000,
245,1118,Pengampu Pencapaian Indikator Kegiatan Prioritas,KP 02.14.002 - Indeks Transformasi Digital Nasional Pilar Bisnis,Indeks,"39,12 (2022)","40,38","41,70",Industri,KEMENTERIAN KOMUNIKASI DAN DIGITAL,"digital bisnis, adopsi teknologi, transformasi usaha, inovasi digital, efisiensi",TRUE,"Program berjalan, ditandai dengan hasil pengukuran resmi Indeks Transformasi Digital Nasional (ITDN) Tahun 2024 yang dirilis Kementerian Komdigi. Dicontohkan Provinsi Sumatera Barat mencatat skor pilar Bisnis sebesar 52,61, sementara skor ITDN keseluruhan provinsi tersebut naik dari 58,80 (2023) menjadi 60,38 (2024). Di tingkat nasional, Komdigi memaparkan skor agregat ITDN sebesar 49,2 dalam peluncuran Rencana Induk Pemerintah Digital Nasional 2025-2045 (26 Februari 2026), sekaligus mengonfirmasi target resmi skor pilar Bisnis 2025 sebesar 40,38 (sesuai persis dengan target dalam Renstra Komdigi 2025-2029)",2025-12-10 04:20:46.000,jdih.kemenkoinfra.go.id,https://jdih.kemenkoinfra.go.id/cfind/source/files/perpres/2025/perpres-nomor-12-tahun-2025/lampiran-iii-perpres-nomor-12-tahun-2025.pdf,2025-02-10 00:00:00.000,
246,1135,Pengampu Pencapaian Indikator Kegiatan Prioritas,KP 04.14.03 - Persentase kab/kota Pangan Aman,persen,13(2023),14,78,Pangan,BADAN PENGAWAS OBAT DAN MAKANAN,"pangan aman, kota sehat, pengawasan pangan daerah",TRUE,"Program berjalan, ditandai dengan BPOM merampungkan Penilaian Nasional Kabupaten/Kota Pangan Aman (KKPA) 2025, dengan Kota Semarang meraih predikat juara nasional (skor 96,31), serta juara regional lainnya (Surakarta, Jakarta Pusat, Ternate, Kolaka). Puluhan kabupaten/kota lain juga menerima penghargaan berjenjang berdasarkan skor: Kota Bogor (Level 4/Baik), Kabupaten Banyumas (nilai 88,1, kategori Sangat Baik), dan Kabupaten Lampung Selatan (Level 3/Sedang, nilai di atas 60). Program didukung pendampingan intensif BPOM di daerah, dicontohkan BPOM Palu yang mengawal Kota Palu melalui rapat pengisian data dukung Penilaian Mandiri KKPA (6 Agustus 2025), serta Kota Tangerang yang menjadi salah satu dari 23 kabupaten/kota finalis nasional dengan penilaian akhir dihadiri juri dari BPOM RI, Kemenko Pangan, dan KKP (15 Desember 2025)",2025-12-10 04:20:46.000,jdih.kemenkoinfra.go.id,https://jdih.kemenkoinfra.go.id/cfind/source/files/perpres/2025/perpres-nomor-12-tahun-2025/lampiran-iii-perpres-nomor-12-tahun-2025.pdf,2025-02-10 00:00:00.000,
247,1137,Pengampu Pencapaian Indikator Kegiatan Prioritas,KP 04.14.03 - Persentase obat bahan alam yang aman dan bermutu,persen,- (Indikator baru),65,73,Kesehatan,BADAN PENGAWAS OBAT DAN MAKANAN,"obat herbal, jamu, obat tradisional, BPOM",TRUE,"Program berjalan, ditandai dengan BPOM menyetujui sekitar 7.000 dari 8.000 permohonan izin edar obat bahan alam (82%) yang melampaui target 2025 sebesar 65%, serta kunjungan Kepala BPOM Taruna Ikrar ke Bali membahas sinergi pengembangan herbal dan obat tradisional lokal (30 Oktober 2025), penyerahan sertifikat CPOTB kepada UMK di Aceh sebagai dukungan Program Koperasi Desa Merah Putih, dan Konsultasi Publik Rancangan Revisi PerBPOM No. 29 Tahun 2023 (5 November 2025) yang menghadirkan narasumber internasional WHO, China, dan India",2025-12-10 04:20:46.000,jdih.kemenkoinfra.go.id,https://jdih.kemenkoinfra.go.id/cfind/source/files/perpres/2025/perpres-nomor-12-tahun-2025/lampiran-iii-perpres-nomor-12-tahun-2025.pdf,2025-02-10 00:00:00.000,
248,1148,Pengampu Pencapaian Indikator Kegiatan Prioritas,KP 07.06.07 - Jumlah perkara tindak pidana pencucian uang hasil tindak pidana narketika dan prekursor narkotika,perkara,20,25,45,Pertahanan,BADAN NARKOTIKA NASIONAL,"TPPU narkotika, pencucian uang, kasus narkoba, penegakan hukum, perkara narkotika",TRUE,"Program berjalan, ditandai dengan BNN membongkar kasus konkret TPPU hasil narkotika senilai Rp52,78 miliar dari jaringan Sutarnedi di Palembang, Sumatera Selatan yang diumumkan Kepala BNN Komjen Suyudi Ario Seto dalam konferensi pers (15 September 2025) yang turut dihadiri Kemenko Polkam, Kemenimipas, TNI, Polri, Bea Cukai, BPOM, dan PPATK. Kasus ini bagian dari pembongkaran jaringan narkotika lebih besar (503,7 kg barang bukti) yang menyelamatkan estimasi 1,1 juta jiwa dan mencegah kerugian ekonomi Rp130 miliar. Program diperkuat sinergi kelembagaan: BNN-Kejaksaan Agung menyasar TPPU dan aset kripto (20 Februari 2025) dengan skema percepatan proses hukum (SPDP langsung P16) berlandaskan Perma No. 13 tentang Perampasan Aset, serta Bimtek TPPU bagi penyidik BNN untuk mengoptimalkan penerapan pasal TPPU pada pelaku kejahatan narkotika, dan Rakor penegakan hukum TPPU bersama PPATK (12 Maret 2025)",2025-12-10 04:20:46.000,jdih.kemenkoinfra.go.id,https://jdih.kemenkoinfra.go.id/cfind/source/files/perpres/2025/perpres-nomor-12-tahun-2025/lampiran-iii-perpres-nomor-12-tahun-2025.pdf,2025-02-10 00:00:00.000,
249,1150,Pengampu Pencapaian Indikator Kegiatan Prioritas,KP 06.05.02 - Persentase masyarakat sejahtera,persen,"8,91","9,50","11,50",Sosial,OTORITA IBU KOTA NUSANTARA,"kesejahteraan IKN, indeks sejahtera, living standard, masyarakat IKN, ekonomi IKN",TRUE,"Program berjalan, ditandai dengan Otorita IKN menyelenggarakan lebih dari 879 pelatihan keterampilan bagi seluruh lapisan masyarakat (kaum ibu, difabel, pelaku UMKM, warga wilayah delineasi IKN) untuk meningkatkan kapasitas, daya saing, dan taraf hidup yang telah dikonfirmasi dalam Siaran Pers resmi peringatan Satu Tahun Pemerintahan Prabowo (28 Oktober 2025). Program konkret lain: layanan cek kesehatan gratis di Klinik Kantor Otorita IKN (877+ peserta), peluncuran ""Nusantara Sehat"" bersama Pegadaian-BNI (27 April 2025, 600 peserta), serta ""Pesona 2025"" (Pekan Seni dan Olahraga Nusantara, 31 Oktober 2025) bersinergi dengan BI, OJK, dan Kemenkes untuk mendorong kesejahteraan sosial-ekonomi kawasan. Rencana Strategis Otorita IKN 2025-2029 (Perka OIKN No. 11/2025) menetapkan indikator ""Status Kesehatan dan Kesejahteraan"" secara formal sebagai Sasaran Strategis terukur",2025-12-10 04:20:46.000,jdih.kemenkoinfra.go.id,https://jdih.kemenkoinfra.go.id/cfind/source/files/perpres/2025/perpres-nomor-12-tahun-2025/lampiran-iii-perpres-nomor-12-tahun-2025.pdf,2026-07-03 09:27:03.911,
250,1151,Pengampu Pencapaian Indikator Kegiatan Prioritas,KP 04.11.01 - Angka kelahiran remaja umur 15-19 tahun/ Age Specific Fertility Rate (ASFR 15-19),(kelahiran hidup per 100 perempuan),"19,7 (2023)","19,4","17,8",Kesehatan,KEMENTERIAN KEPENDUDUKAN DAN PEMBANGUNAN KELUARGA/BADAN KEPENDUDUKAN DAN KELUARGA BERENCANA NASIONAL,"kelahiran remaja, ASFR remaja, fertilitas remaja, usia subur, remaja hamil",TRUE,"Program berjalan, ditandai dengan Kemenko Bidang Pembangunan Manusia dan Kebudayaan menyampaikan ""Tanggapan atas Kajian Kebijakan Menelaah Implementasi Pendidikan Kesehatan Reproduksi Komprehensif"" secara resmi (3 Desember 2025, disampaikan Deputi Woro Srihastuti Sulistyaningrum) yang memaparkan data terbaru ASFR 15-19 berdasarkan Pendataan Keluarga (PK) 2024, sekaligus mengonfirmasi penurunan angka perkawinan anak dari 6,92% (2023) menjadi 5,90% (2024) sebagai indikator terkait yang saling berkorelasi. Program didukung sistem pengumpulan data resmi BKKBN via portal SIPERINDU yang menyajikan data ASFR 15-19 per wilayah secara berkelanjutan, serta pengumpulan data tahunan oleh dinas terkait di berbagai provinsi (dicontohkan Dinas P3AK Jawa Timur untuk periode 2024-2025",2025-12-10 04:20:46.000,jdih.kemenkoinfra.go.id,https://jdih.kemenkoinfra.go.id/cfind/source/files/perpres/2025/perpres-nomor-12-tahun-2025/lampiran-iii-perpres-nomor-12-tahun-2025.pdf,2025-02-10 00:00:00.000,
251,1156,Pengampu Pencapaian Indikator Kegiatan Prioritas,KP 04.11.03 - Angka prevalensi kontrasepsi modern/ modern contraceptive prevalence rate (mCPR),persen,"61,7","61,8","62,2",Kesehatan,KEMENTERIAN KEPENDUDUKAN DAN PEMBANGUNAN KELUARGA/BADAN KEPENDUDUKAN DAN KELUARGA BERENCANA NASIONAL,"kontrasepsi modern, mCPR, penggunaan KB, prevalensi KB, modern method",TRUE,"Program berjalan, ditandai dengan Menteri Kependudukan dan Pembangunan Keluarga Wihaji secara resmi mengonfirmasi prevalensi kontrasepsi modern (mCPR) nasional meningkat mencapai 61,7% (September 2025), seiring turunnya unmet need menjadi 11,1%. Data provinsi menunjukkan variasi capaian, seperti Jawa Tengah mencatat mCPR 65,5% (melampaui target provinsi 65,24%, dipaparkan April 2025), Bengkulu 69,0% (melampaui target nasional RPJMN, Januari 2026), sementara Bali mengalami penurunan ke 59,5% (di bawah rata-rata nasional, evaluasi Desember 2025) yang menunjukkan sistem pendataan (Pendataan Keluarga/PK) berjalan aktif dan detail hingga level provinsi. Kemendukbangga/BKKBN juga meluncurkan ""Pantau KB"" (Pelayanan KB Serentak) di 307 kabupaten/kota prioritas (9-15 Februari 2026) sebagai tindak lanjut konkret memperkuat capaian mCPR di wilayah ""legokan"" (capaian rendah)",2025-12-10 04:20:46.000,jdih.kemenkoinfra.go.id,https://jdih.kemenkoinfra.go.id/cfind/source/files/perpres/2025/perpres-nomor-12-tahun-2025/lampiran-iii-perpres-nomor-12-tahun-2025.pdf,2025-02-10 00:00:00.000,
252,1162,Pengampu Pencapaian Indikator Kegiatan Prioritas,KP 04.16.01 - Persentase calon pengantin yang mendapatkan edukasi pra nikah,persen,"39,7 (2022)",45,70,Pendidikan,KEMENTERIAN KEPENDUDUKAN DAN PEMBANGUNAN KELUARGA/BADAN KEPENDUDUKAN DAN KELUARGA BERENCANA NASIONAL,"edukasi nikah, calon pengantin, pra nikah, edukasi keluarga, kelas nikah",TRUE,"Program berjalan, ditandai dengan pelaksanaan rutin Bimbingan Perkawinan (Bimwin) di berbagai KUA se-Indonesia sepanjang 2025 yang telah dikonfirmasi di Yogyakarta (KUA Gedongtengen, Mei 2025; KUA Gondokusuman, Juli 2025), Jawa Barat (KUA Pacet, September 2025), dan Sulawesi Selatan (KUA Makale, Tana Toraja, Januari 2025) sebagai tindak lanjut Nota Kesepahaman lintas kementerian (Kemenko PMK, BKKBN, Kemenag, Kemenkes, November 2024) dan Peraturan Menteri Agama Nomor 22 Tahun 2024 yang mewajibkan calon pengantin mengikuti bimbingan perkawinan. Program mencakup edukasi Fiqh Munakahat, kesiapan mental-spiritual, dan sosialisasi aplikasi Elsimil untuk skrining risiko stunting",2025-12-10 04:20:46.000,jdih.kemenkoinfra.go.id,https://jdih.kemenkoinfra.go.id/cfind/source/files/perpres/2025/perpres-nomor-12-tahun-2025/lampiran-iii-perpres-nomor-12-tahun-2025.pdf,2025-02-10 00:00:00.000,
253,1172,Pengampu Pencapaian Indikator Kegiatan Prioritas,KP 08.03.02 - Persentase akurasi keberhasilan modifikasi cuaca,persen,(indikator baru),82,90,Infrastruktur,"BADAN METEOROLOGI, KLIMATOLOGI, DAN GEOFISIKA","modifikasi cuaca, akurasi TMC, operasi hujan, teknologi cuaca, rekayasa cuaca",TRUE,"Program berjalan aktif sepanjang 2025 dengan berbagai Operasi Modifikasi Cuaca (OMC) konkret oleh BMKG: pengendalian banjir Ciliwung-Cisadane (5-8 Maret 2025) dengan efektivitas pengurangan curah hujan 30-60%, operasi 24 jam nonstop penanganan risiko banjir Jabodetabek dengan 18 sorti penerbangan oleh 2 operator (PT Alkonost & PT Makson) hingga 10 Juli 2025, serta operasi penekanan titik panas (hotspot) dan asap karhutla di Kalimantan Barat dan Sumatera Selatan (Juli-Agustus 2025) yang secara langsung diapresiasi Presiden Prabowo Subianto (Pontianak, 4 Agustus 2025). Program diperkuat dengan Rapat Koordinasi Nasional Modifikasi Cuaca 2025 (15 Oktober 2025) yang mempertemukan pelaksana, akademisi, regulator, dan pengguna jasa se-Indonesia",2025-12-10 04:20:46.000,jdih.kemenkoinfra.go.id,https://jdih.kemenkoinfra.go.id/cfind/source/files/perpres/2025/perpres-nomor-12-tahun-2025/lampiran-iii-perpres-nomor-12-tahun-2025.pdf,2025-02-10 00:00:00.000,
254,1183,Pengampu Pencapaian Indikator Kegiatan Prioritas,KP 07.08.02 - Persentase instansi pemerintah yang menerapkan tata kelola kualitas kebijakan yang baik,persen,"18,37 (2023)",30,85,Birokrasi,LEMBAGA ADMINISTRASI NEGARA,"kebijakan, governance, kualitas, instansi, birokrasi",TRUE,"Program berjalan, ditandai dengan rampungnya Pengukuran Nasional Indeks Kualitas Kebijakan (IKK) Tahun 2025 oleh LAN RI, mencakup 646 instansi sasaran dengan tingkat partisipasi 85% (548 instansi), menilai 1.379 kebijakan di 27 sektor. Hasil resmi diumumkan dalam acara Penganugerahan IKK 2025 di Surabaya (25 November 2025), 39% instansi mencapai kualifikasi ""baik"" atau lebih tinggi, melampaui target RPJMN 2025 (30%). Rincian, 6,41% unggul, 22,22% sangat baik, 25,43% baik. Kementerian Hukum meraih Predikat Unggul (salah satu dari 13 instansi terbaik nasional), dan Pemprov Jawa Timur juga meraih predikat unggul",2025-12-10 04:20:46.000,jdih.kemenkoinfra.go.id,https://jdih.kemenkoinfra.go.id/cfind/source/files/perpres/2025/perpres-nomor-12-tahun-2025/lampiran-iii-perpres-nomor-12-tahun-2025.pdf,2025-02-10 00:00:00.000,
255,1184,Koordinator Pencapaian Indikator Prioritas Nasional,PN 04 - Jumlah perolehan medali emas pada paralympic games,medali,1,4 - 6 (2028),,Sosial,KEMENTERIAN KOORDINATOR BIDANG PEMBANGUNAN MANUSIA DAN KEBUDAYAAN,"Sukses Paralympic, Olahraga Adaptif, Pemberdayaan Atlet, Target Medali, Inklusi Olahraga",TRUE,"Program berjalan, ditandai dengan kontingen Indonesia meraih 101 medali emas di ASEAN Para Games 2025 Thailand (Januari 2026, hasil kompetisi Desember 2025-Januari 2026) yang telah melampaui target 82 emas, dengan kontribusi terbesar dari para atletik (38 emas) dan para renang (22 emas). NPC Indonesia menggelar Pelatnas Paralympic Training Center di Karanganyar, Jawa Tengah (Mei 2025) dan program pencarian bakat ""Mendobrak Batas"" yang menyasar 38 provinsi (Maret-Desember 2025, target 100 atlet per provinsi usia maksimal 23 tahun) sebagai regenerasi menuju Paralimpiade Los Angeles 2028. Indonesia juga ditunjuk sebagai tuan rumah World Abilitysport Games 2025 (11-21 September 2025, Jakarta) sebagai ajang kualifikasi resmi Paralimpiade 2028, didukung Kemenpora dan Pemprov DKI Jakarta",2025-12-10 04:20:46.000,jdih.kemenkoinfra.go.id,https://jdih.kemenkoinfra.go.id/cfind/source/files/perpres/2025/perpres-nomor-12-tahun-2025/lampiran-iii-perpres-nomor-12-tahun-2025.pdf,2025-02-10 00:00:00.000,
256,1206,Pengampu Pencapaian Indikator Kegiatan Prioritas,KP 05.05.01 Jumlah usaha e-commerce di Pulau Kalimantan,unit (kumulatif),132.000 (2022),192.7,319.3,Industri,KEMENTERIAN PERDAGANGAN,"ecommerce kalimantan, bisnis digital",TRUE,"Program berjalan, ditandai dengan publikasi resmi ""Kinerja Perdagangan Melalui Sistem Elektronik (PMSE) 2025"" oleh Kementerian Perdagangan, yang secara khusus memetakan Distribusi Usaha PMSE Berdasarkan Provinsi tahun 2024 di seluruh Indonesia termasuk Kalimantan. Hal ini menunjukkan sistem pendataan e-commerce regional sudah berjalan aktif dan terstruktur. BPS juga rutin melaksanakan Survei E-Commerce nasional mencakup seluruh 38 provinsi dan 365 kabupaten/kota setiap tahunnya sebagai basis data resmi",2025-12-10 04:20:46.000,jdih.kemenkoinfra.go.id,https://jdih.kemenkoinfra.go.id/cfind/source/files/perpres/2025/perpres-nomor-12-tahun-2025/lampiran-iii-perpres-nomor-12-tahun-2025.pdf,2025-02-10 00:00:00.000,
257,1213,Pengampu Pencapaian Indikator Kegiatan Prioritas,KP 05.05.04 - Kontribusi pangsa pasar ekspor produk pertanian terhadap dunia,persen,"2,96 (2022)","3,28","3,95",Industri,KEMENTERIAN PERDAGANGAN,"ekspor agro, komoditas tani, pangan ekspor, agri global, agri trade",TRUE,"Program berjalan, ditandai dengan pernyataan resmi Mendag (Busan) mengonfirmasi surplus neraca perdagangan 2025 mencapai USD 41,05 miliar, dengan sektor pertanian mencatat peningkatan tertinggi dibanding semua sektor lain, naik 21,01% dibanding 2024 mengungguli sektor industri pengolahan (14,47%). BPS juga mengonfirmasi ekspor pertanian, kehutanan, dan perikanan naik 15,6% (Juli 2025, YoY), didorong ekspor minyak kelapa sawit dan produk kimia organik berbasis pertanian. Program diperkuat dengan pemenangan sengketa dagang WTO (biodiesel, produk sawit vs Uni Eropa) yang mengamankan akses pasar senilai Rp7,34 triliun, serta pengembangan 4 Export Center (termasuk Surabaya) untuk mendorong ekspor daerah",2025-12-10 04:20:46.000,jdih.kemenkoinfra.go.id,https://jdih.kemenkoinfra.go.id/cfind/source/files/perpres/2025/perpres-nomor-12-tahun-2025/lampiran-iii-perpres-nomor-12-tahun-2025.pdf,2025-02-10 00:00:00.000,
258,1225,Pengampu Pencapaian Indikator Kegiatan Prioritas,"KP 05.05.05 - Nilai ekspor jasa telekomunikasi, komputer, dan informasi",miliar USD,"2,37 (2022)","2,82","4,01",Industri,KEMENTERIAN KOMUNIKASI DAN DIGITAL,"ekspor digital, jasa TIK, ekspor telekomunikasi, ekonomi digital",TRUE,"Program berjalan, ditandai dengan data resmi BPS yang mengonfirmasi sektor Teknologi Informasi dan Komunikasi (TIK) Indonesia tumbuh 8,35% pada 2025, naik dari 7,57% di 2024, dan jauh melampaui pertumbuhan ekonomi nasional (5,11%). Sebagai konteks pendukung terkait, ekspor produk elektronik dan telematika (mencakup telekomunikasi & informasi) mencatat pertumbuhan 16,74% menjadi US$9,38 miliar dalam sembilan bulan pertama, menurut Kementerian Perindustrian. Program didukung basis data resmi BPS ""Nilai Ekspor"" yang dipublikasikan rutin bulanan, termasuk kategori jasa",2025-12-10 04:20:46.000,jdih.kemenkoinfra.go.id,https://jdih.kemenkoinfra.go.id/cfind/source/files/perpres/2025/perpres-nomor-12-tahun-2025/lampiran-iii-perpres-nomor-12-tahun-2025.pdf,2026-07-03 09:27:03.911,
259,1226,Pengampu Pencapaian Indikator Kegiatan Prioritas,KP 07.10.02 - Persentase instansi K/L/Prov yang terhubung dengan JIP,persen,(indikator baru),90,100,Birokrasi,KEMENTERIAN KOMUNIKASI DAN DIGITAL,"integrasi data pemerintah, JIP, interoperabilitas, arsitektur SPBE",TRUE,"Program berjalan, ditandai dengan capaian resmi integrasi JIP sebesar 90% (99 dari 109 K/L/D) per akhir 2024, sudah menyentuh target 2025 sejak sebelum tahun 2025 dimulai,  serta indikator ini tercantum resmi dalam Renstra Kementerian Komdigi 2025-2029 (Permenkomdigi No. 16/2025) di bawah Kegiatan Prioritas Pemerintah Digital, dengan kelanjutan penguatan interoperabilitas melalui pembahasan RUU Satu Data Indonesia (Juni 2026) dan pengembangan Pusat Data Nasional sebagai fondasi integrasi JIP-SPLP-PDN",2025-12-10 04:20:46.000,jdih.kemenkoinfra.go.id,https://jdih.kemenkoinfra.go.id/cfind/source/files/perpres/2025/perpres-nomor-12-tahun-2025/lampiran-iii-perpres-nomor-12-tahun-2025.pdf,2026-07-03 09:27:03.911,
260,1233,Pengampu Pencapaian Indikator Kegiatan Prioritas,KP 07.03.02 - Tingkat implementasi keadilan restoratif dalam penegakan hukum,persen,"56,7(2023)","58,7","62,7",Birokrasi,KEMENTERIAN KOORDINATOR BIDANG POLITIK DAN KEAMANAN,"restorative justice, penyelesaian non-litigasi, mediasi penal, rehabilitasi pelaku, pemulihan korban",TRUE,"Program berjalan, ditandai dengan Kejaksaan Agung (JAM PIDUM) menyelesaikan 2.080 perkara melalui pendekatan keadilan restoratif sepanjang Januari - Desember 2025, dari total 175.624 SPDP yang ditangani. Infrastruktur pendukung juga diperluas signifikan: 5.103 Rumah Restorative Justice dan 112 Balai Rehabilitasi telah terbentuk di berbagai daerah hingga Desember 2025. Di tingkat wilayah, Kejati Sulawesi Selatan (sebagai pilot project pelaksanaan RJ mandiri) mencatat 129 perkara selesai via RJ hingga September 2025 dengan tren peningkatan persentase dari tahun ke tahun. Landasan hukumnya juga diperkuat lewat pengesahan KUHAP baru (UU No. 20 Tahun 2025) yang untuk pertama kalinya mengatur keadilan restoratif secara eksplisit dan formal (Pasal 79–88), menggantikan pendekatan diskresioner sebelumnya",2025-12-10 04:20:46.000,jdih.kemenkoinfra.go.id,https://jdih.kemenkoinfra.go.id/cfind/source/files/perpres/2025/perpres-nomor-12-tahun-2025/lampiran-iii-perpres-nomor-12-tahun-2025.pdf,2026-07-03 09:27:03.911,
261,1235,Pengampu Pencapaian Indikator Kegiatan Prioritas,KP 02.09.05 - Jumlah kerja sama internasional tentang ketenagakerjaan dan pergerakan tenaga kerja terampil,kesepakatan,0,7,11,Sosial,KEMENTERIAN PELINDUNGAN PEKERJA MIGRAN INDONESIA/BADAN PELINDUNGAN PEKERJA MIGRAN INDONESIA,"kerja sama internasional, ketenagakerjaan terampil, tenaga kerja migran, kesepakatan kerja sama, migrasi aman pekerja",TRUE,"Program berjalan, ditandai dengan Kementerian P2MI menandatangani MoU dengan PP Muhammadiyah untuk pemberdayaan pekerja migran (16 April 2025, Yogyakarta) dengan kesepakatan konkret pertama pasca transisi kelembagaan dari BP2MI menjadi Kementerian P2MI. Kementerian juga aktif menerima kunjungan delegasi internasional untuk penguatan kerja sama ketenagakerjaan migran, termasuk Menteri Tenaga Kerja Turki serta perwakilan Malaysia, Portugal, dan Albania, dikonfirmasi Menteri Mukhtarudin sebagai bukti pengakuan internasional atas peran strategis kementerian dalam tata kelola migrasi pekerja terampil",2025-12-10 04:20:46.000,jdih.kemenkoinfra.go.id,https://jdih.kemenkoinfra.go.id/cfind/source/files/perpres/2025/perpres-nomor-12-tahun-2025/lampiran-iii-perpres-nomor-12-tahun-2025.pdf,2026-07-03 09:27:03.911,
262,1239,Pengampu Pencapaian Indikator Kegiatan Prioritas,KP 04.09.04 - Jumlah rekomendasi kebijakan rencana aksi manajemen talenta nasional (MTN),rekomendasi kebijakan,1(2023),1,1,Birokrasi,KEMENTERIAN PERENCANAAN PEMBANGUNAN NASIONAL/BADAN PERENCANAAN PEMBANGUNAN NASIONAL (BAPPENAS),"manajemen talenta, rekomendasi kebijakan, aksi nasional, talenta unggul, perencanaan",TRUE,"Program berjalan, ditandai dengan Kementerian PPN/Bappenas menyelenggarakan serangkaian Focus Group Discussion (FGD) sepanjang 2025 dengan pemerintah daerah di berbagai wilayah untuk menyelaraskan Rencana Aksi Manajemen Talenta Nasional (MTN), sebagai tindak lanjut Perpres No. 108 Tahun 2024 tentang Desain Besar Manajemen Talenta Nasional (DBMTN). Proses konsultasi dan penyusunan ini menghasilkan rekomendasi kebijakan resmi yang terwujud sebagai Peraturan Menteri PPN/Kepala Bappenas No. 1 Tahun 2026 tentang Rencana Aksi Desain Besar Manajemen Talenta Nasional Tahun 2025 - 2029, ditetapkan 7 Januari 2026, dokumen inilah yang menjadi ""rekomendasi kebijakan"" yang dimaksud indikator ini. Tahap Penguatan Pelaksanaan DBMTN 2025-2029 secara resmi telah dimulai pada 2025, dengan fokus penguatan kelembagaan penyelenggaraan MTN lintas K/L, provinsi, dan kabupaten/kota",2025-12-10 04:20:46.000,jdih.kemenkoinfra.go.id,https://jdih.kemenkoinfra.go.id/cfind/source/files/perpres/2025/perpres-nomor-12-tahun-2025/lampiran-iii-perpres-nomor-12-tahun-2025.pdf,2025-02-10 00:00:00.000,
263,1248,Pengampu Pencapaian Indikator Kegiatan Prioritas,KP 06.03.03 - Persentase rumah tangga miskin yang memiliki aset lahan,persen,"46,16","47,16","50,66",Sosial,KEMENTERIAN AGRARIA DAN TATA RUANG/BADAN PERTANAHAN NASIONAL,"aset lahan, RT miskin, kepemilikan, reforma agraria, sosial",TRUE,"Program berjalan dan melampaui target, ditandai dengan capaian resmi ATR/BPN: legalisasi aset lahan mencapai 10,7 juta hektare atau 238% dari target 4,5 juta hektare dalam 100 hari pertama kerja kementerian di bawah Menteri Nusron Wahid. Pemerintah menyusun ulang cetak biru Reforma Agraria mengubahnya dari sekadar legalisasi aset menjadi instrumen pengentasan kemiskinan ekstrem yang terukur (Rakor Pemanfaatan Lahan/Agraria, 24 November 2025, Kemenko PM), sesuai amanat Inpres No. 8 Tahun 2025 yang menargetkan kemiskinan ekstrem 0% pada 2026. Bukti eksekusi lapangan konkret: Rakor percepatan Reforma Agraria Provinsi Lampung (29 Juli 2025) menghasilkan kesepakatan penyertifikatan tanah wakaf dan penyelesaian kendala BPHTB untuk 13% tanah yang belum tersertifikasi dari 3,7 juta hektare yang sudah terpetakan",2025-12-10 04:20:46.000,jdih.kemenkoinfra.go.id,https://jdih.kemenkoinfra.go.id/cfind/source/files/perpres/2025/perpres-nomor-12-tahun-2025/lampiran-iii-perpres-nomor-12-tahun-2025.pdf,2025-02-10 00:00:00.000,
264,1260,Pengampu Pencapaian Indikator Kegiatan Prioritas,KP 02.12.07 - Jumlah provinsi dan kabupaten/kota yang memiliki Perda terkait tata kelola air limbah domestik,kab/kota,135 (2023),150,514,Infrastruktur,KEMENTERIAN DALAM NEGERI,"perda limbah, tata kelola, sanitasi daerah, regulasi limbah, air domestik",TRUE,"Program berjalan, ditandai dengan penetapan Peraturan Menteri Lingkungan Hidup/Kepala BPLH Nomor 11 Tahun 2025 tentang Baku Mutu dan Standar Teknologi Pengolahan Air Limbah Domestik. Regulasi resmi tingkat nasional yang menjadi acuan teknis bagi daerah dalam menyusun Perda. Kemendagri (Ditjen Bangda) aktif memantau dan memfasilitasi penyusunan Perda di daerah, dengan data terkini mengonfirmasi 113 Kabupaten/Kota telah memiliki Perda Pengelolaan Air Limbah Domestik. Bukti dorongan di tingkat daerah: Kabupaten Gunung Mas (Kalimantan Tengah) secara eksplisit mengidentifikasi kebutuhan mendesak Perda Air Limbah Domestik sebagai respons pertumbuhan penduduk",2025-12-10 04:20:46.000,jdih.kemenkoinfra.go.id,https://jdih.kemenkoinfra.go.id/cfind/source/files/perpres/2025/perpres-nomor-12-tahun-2025/lampiran-iii-perpres-nomor-12-tahun-2025.pdf,2025-02-10 00:00:00.000,
265,1270,Pengampu Pencapaian Indikator Kegiatan Prioritas,KP 07.01.01 - Persentase parpol yang tepat waktu menyampaikan laporan pertanggungjawaban bantuan keuangan parpol setelah diaudit oleh BPK kepada mendagri,persen,100 (2023),100,100,Birokrasi,KEMENTERIAN DALAM NEGERI,"akunabilitas parpol, laporan parpol, bantuan parpol, audit BPK, kepatuhan partai",TRUE,"Program berjalan, ditandai dengan BPK RI menyerahkan Laporan Hasil Pemeriksaan (LHP) atas pertanggungjawaban penerimaan dan pengeluaran Bantuan Keuangan Partai Politik Tahun Anggaran 2025 secara bersamaan kepada delapan partai politik dan Dirjen Politik dan Pemerintahan Umum (Polpum) Kemendagri, pada 22 Juni 2026 dengan kesimpulan laporan telah sesuai dengan kriteria perundang-undangan (dicontohkan DPP PKS). Proses ini menunjukkan siklus lengkap program berjalan: parpol menyampaikan LPJ Tahun Anggaran 2025 (batas waktu 31 Januari 2026), diaudit BPK, dan hasilnya diserahkan resmi ke Kemendagri sesuai persis dengan mekanisme yang diatur indikator ini",2025-12-10 04:20:46.000,jdih.kemenkoinfra.go.id,https://jdih.kemenkoinfra.go.id/cfind/source/files/perpres/2025/perpres-nomor-12-tahun-2025/lampiran-iii-perpres-nomor-12-tahun-2025.pdf,2025-02-10 00:00:00.000,
266,1272,Pengampu Pencapaian Indikator Kegiatan Prioritas,KP 07.01.02 - Persentase penduduk yang menggunakan Identitas Kependudukan Digital (IKD) bagi penduduk wajib KTP,persen,3.55,10,50,Birokrasi,KEMENTERIAN DALAM NEGERI,"IKD digital, identitas digital, dukcapil online, transformasi digital, layanan kependudukan",TRUE,"Program berjalan, ditandai dengan capaian aktivasi IKD nasional mencapai 17,56 juta jiwa (8,29% dari wajib KTP-el) hingga akhir 2025 meningkat lebih dari 4,25 juta aktivasi dibanding tahun sebelumnya. Ditjen Dukcapil Kemendagri aktif menggelar Rakornas 2025 yang membahas strategi percepatan IKD sebagai bagian dari transformasi digital nasional dan Digital Public Infrastructure (DPI). Program terus berlanjut ke 2026 dengan pengguna aktif IKD menembus 20,5 juta per Juli 2026, didukung Bimtek Peningkatan Pemanfaatan Data Kependudukan dan pengembangan fitur aktivasi mandiri via liveness detection",2025-12-10 04:20:46.000,jdih.kemenkoinfra.go.id,https://jdih.kemenkoinfra.go.id/cfind/source/files/perpres/2025/perpres-nomor-12-tahun-2025/lampiran-iii-perpres-nomor-12-tahun-2025.pdf,2025-02-10 00:00:00.000,
267,1275,Pengampu Pencapaian Indikator Kegiatan Prioritas,KP 07.09.03 - Jumlah provinsi yang memenuhi belanja infrastruktur pelayanan publik,provinsi,4,19,38,Infrastruktur,KEMENTERIAN DALAM NEGERI,"belanja infrastruktur, layanan publik, pembangunan daerah, alokasi anggaran, kinerja provinsi",TRUE,"Program berjalan, ditandai dengan penerapan mandatory spending belanja infrastruktur pelayanan publik minimal 40% dari total belanja daerah (fokus PU, Perkim, Perhubungan), diatur dalam Permendagri No. 15 Tahun 2024 tentang Pedoman Penyusunan APBD TA 2025. Kemendagri aktif mengawal implementasinya lewat evaluasi APBD tiap provinsi, yang dicontohkan evaluasi APBD DIY 2025 yang secara eksplisit merasionalisasi anggaran untuk memperkuat alokasi infrastruktur pelayanan publik sebelum disahkan (efektif 1 Januari 2025). Kemendagri juga menggelar Rapat Koordinasi Percepatan Realisasi APBD 2025 (8 Mei 2025) yang memantau progres penyerapan belanja daerah per provinsi secara real-time, dengan Jawa Barat sebagai provinsi realisasi tertinggi (21,91%)",2025-12-10 04:20:46.000,jdih.kemenkoinfra.go.id,https://jdih.kemenkoinfra.go.id/cfind/source/files/perpres/2025/perpres-nomor-12-tahun-2025/lampiran-iii-perpres-nomor-12-tahun-2025.pdf,2025-02-10 00:00:00.000,
268,1280,Pengampu Pencapaian Indikator Kegiatan Prioritas,KP 02.22.04 - Nilai realisasi PMA/PMDN hilirisasi garam,juta rupiah,2.280.864,7.379.000,13.771.897,Pangan,KEMENTERIAN INVESTASI DAN HILIRISASI/BADAN KOORDINASI PENANAMAN MODAL,"garam, hilirisasi, mineral, investasi, komoditas",TRUE,"Program berjalan, ditandai dengan penetapan Peraturan Presiden Nomor 17 Tahun 2025 tentang Percepatan Pembangunan Pergaraman Nasional yang menargetkan swasembada garam pada 2027, mencakup strategi intensifikasi tambak, ekstensifikasi lahan, modernisasi teknologi evaporasi (metode evaporasi tertutup, teknologi SWRO), dan pembangunan infrastruktur produksi. PT Garam berkomitmen mempercepat hilirisasi lewat penerapan teknologi MVR dan investasi pembangunan pabrik. Program Hilirisasi Garam juga secara eksplisit disebut Wakil Menteri Investasi dan Hilirisasi sebagai salah satu dari 77 Proyek Strategis Nasional (PSN) 2025-2029 yang ditawarkan kepada investor asing (dicontohkan forum dengan 40 investor Australia, 20 Maret 2025). Secara makro, realisasi investasi hilirisasi nasional (mencakup sektor mineral, perkebunan, kehutanan) melonjak 43,3% sepanjang 2025, mencapai Rp584,1 triliun (30,2% dari total investasi nasional)",2025-12-10 04:20:46.000,jdih.kemenkoinfra.go.id,https://jdih.kemenkoinfra.go.id/cfind/source/files/perpres/2025/perpres-nomor-12-tahun-2025/lampiran-iii-perpres-nomor-12-tahun-2025.pdf,2025-02-10 00:00:00.000,
269,1282,Pengampu Pencapaian Indikator Kegiatan Prioritas,KP 05.01.02 - Nilai realisasi PMA/PMDN hilirisasi tembaga,juta rupiah,45.720.000,45.933.000,55.132.000,Industri,KEMENTERIAN INVESTASI DAN HILIRISASI/BADAN KOORDINASI PENANAMAN MODAL,"tembaga, hilirisasi, mineral, smelter, investasi",TRUE ,"Program berjalan, ditandai dengan capaian resmi BKPM. Realisasi investasi hilirisasi 2025 melompat 43,3%, dengan industri logam dasar sebagai sektor penyerap investasi asing terbesar (USD3,5 miliar pada Triwulan III 2025) dan kontribusi terbesar keseluruhan tahun (Rp65,6 triliun dari industri logam dasar, barang logam bukan mesin dan peralatannya). Bukti proyek spesifik, smelter tembaga PT Freeport Indonesia (PTFI) di Gresik, yang merupakan proyek smelter tembaga terbesar dunia, telah mencapai realisasi investasi US$2,2 miliar dari total US$3 miliar, menyerap 15.000 tenaga kerja, dan mulai berproduksi menghasilkan katoda tembaga, emas, dan perak batangan sejak akhir 2024/awal 2025. BKPM juga mempublikasikan dataset terbuka resmi realisasi PMA/PMDN per komoditas hilirisasi (dicontohkan dataset serupa untuk timah tersedia di portal data terbuka BKPM)",2025-12-10 04:20:46.000,jdih.kemenkoinfra.go.id,https://jdih.kemenkoinfra.go.id/cfind/source/files/perpres/2025/perpres-nomor-12-tahun-2025/lampiran-iii-perpres-nomor-12-tahun-2025.pdf,2025-02-10 00:00:00.000,
270,1287,Pengampu Pencapaian Indikator Kegiatan Prioritas,KP 05.01.06 - Nilai realisasi PMA/PMDN hilirisasi kelapa,juta rupiah,4.492.915,392.21,708.343,Pangan,KEMENTERIAN INVESTASI DAN HILIRISASI/BADAN KOORDINASI PENANAMAN MODAL,"kelapa, hilirisasi, agroindustri, investasi, komoditas",TRUE,"Program berjalan, ditandai dengan dimulainya konstruksi pabrik hilirisasi kelapa senilai US$100 juta (Rp1,66 triliun) di Morowali, Sulawesi Tengah, hasil investasi Zhejiang FreeNow Food Co.Ltd (China) bersama konsorsium China-Indonesia yang telah dikonfirmasi Menteri BKPM Rosan Roeslani dalam konferensi pers Triwulan III 2025 (17 Oktober 2025) dan Kompas 100 CEO Forum (26 November 2025). Proyek fase pertama menyerap 5.000 tenaga kerja, dengan total penyerapan diproyeksikan 10.000 pekerja setelah tiga fase rampung",2025-12-10 04:20:46.000,jdih.kemenkoinfra.go.id,https://jdih.kemenkoinfra.go.id/cfind/source/files/perpres/2025/perpres-nomor-12-tahun-2025/lampiran-iii-perpres-nomor-12-tahun-2025.pdf,2025-02-10 00:00:00.000,
271,1305,Pengampu Pencapaian Indikator Kegiatan Prioritas,KP 04.11.04 - Persentase penduduk penerima pemeriksaan kesehatan gratis kelompok lanjut usia,persen,(indikator baru),50,70,Kesehatan,KEMENTERIAN KESEHATAN,"pemeriksaan lansia, layanan lansia, skrining lansia, kesehatan usia lanjut",TRUE ,"Program berjalan, ditandai dengan Program Cek Kesehatan Gratis (CKG/PKG) yang resmi berlaku nasional sejak 10 Februari 2025, mencakup pemeriksaan khusus lansia (usia >60 tahun) dengan 7 jenis skrining yaitu, geriatri, kardiovaskular, paru, kanker, fungsi indra, kesehatan jiwa, dan hati yang telah diatur dalam Kepmenkes No. HK.01.07/MENKES/33/2025. Realisasi konkret: hingga 16 Maret 2025, program menjangkau lebih dari 777.000 pendaftar dari 9.285 Puskesmas di 502 kabupaten/kota dan 38 provinsi (mencakup seluruh kelompok usia termasuk lansia), dengan Kabupaten Lamongan sebagai wilayah partisipasi tertinggi. Peserta dapat mendaftar via aplikasi SATUSEHAT Mobile atau langsung ke Puskesmas terdekat, dengan hasil pemeriksaan terintegrasi digital",2025-12-10 04:20:46.000,jdih.kemenkoinfra.go.id,https://jdih.kemenkoinfra.go.id/cfind/source/files/perpres/2025/perpres-nomor-12-tahun-2025/lampiran-iii-perpres-nomor-12-tahun-2025.pdf,2025-02-10 00:00:00.000,
272,1313,Pengampu Pencapaian Indikator Kegiatan Prioritas,KP 04.13.02 - Cakupan pemberian obat pencegahan massal (POPM) untuk schistosomiasis,persen,"83,6 (2023)","87,2",100,Kesehatan,KEMENTERIAN KESEHATAN,"popm schisto, obat massal, pencegahan schisto",TRUE ,"Program berjalan, ditandai dengan terlaksananya Pemberian Obat Pencegahan Massal (POPM) Putaran 1 dan Putaran 2 Tahun 2025 di wilayah endemis Kabupaten Poso dan Sigi, Sulawesi Tengah, sebagaimana tercatat dalam Profil Dinas Kesehatan Provinsi Sulawesi Tengah 2025 (mencakup data cakupan POPM per putaran dan tren prevalensi schistosomiasis pada manusia). Bukti eksekusi lapangan berkelanjutan pada laporan lapangan BenarNews (Maret 2025) mengungkap tantangan nyata implementasi yang termasuk kelangkaan stok obat impor dari Jerman (didonasikan via WHO), namun mengonfirmasi program tetap berjalan aktif menuju target eliminasi schistosomiasis sebagai masalah kesehatan masyarakat pada 2025",2025-12-10 04:20:46.000,jdih.kemenkoinfra.go.id,https://jdih.kemenkoinfra.go.id/cfind/source/files/perpres/2025/perpres-nomor-12-tahun-2025/lampiran-iii-perpres-nomor-12-tahun-2025.pdf,2025-02-10 00:00:00.000,
273,1315,Pengampu Pencapaian Indikator Kegiatan Prioritas,KP 04.13.03 - Jumlah kab/kota yang mencapai positivity rate malaria <5%,kab/kota,333 (2023),405,500,Kesehatan,KEMENTERIAN KESEHATAN,"positivity malaria, eliminasi malaria, pengendalian malaria",TRUE ,"Program berjalan, ditandai dengan pemberian sertifikat eliminasi malaria kepada berbagai kabupaten/kota sepanjang 2025, dengan capaian mencapai 476 dari 514 kabupaten/kota (79%) bebas dari kasus malaria yang melampaui target 2025 (405 kab/kota). Tiga syarat mutlak yang harus dipenuhi setiap kab/kota untuk meraih sertifikat ini adalah Annual Parasite Incidence (API) kurang dari 1 per 1.000 penduduk, positivity rate kurang dari 5%, dan tidak ada kasus indigenous. Kemenkes menjalankan implementasi ini di bawah kerangka Peta Jalan Eliminasi Malaria dan Pencegahan Penularan Kembali 2025-2045 (Kepmenkes No. HK.01.07/MENKES/1988/2024)",2025-12-10 04:20:46.000,jdih.kemenkoinfra.go.id,https://jdih.kemenkoinfra.go.id/cfind/source/files/perpres/2025/perpres-nomor-12-tahun-2025/lampiran-iii-perpres-nomor-12-tahun-2025.pdf,2025-02-10 00:00:00.000,
274,1317,Pengampu Pencapaian Indikator Kegiatan Prioritas,KP 04.13.04 - Persentase penderita hipertensi mendapatkan pelayanan kesehatan sesuai standar,persen,(indikator baru),5,38,Kesehatan,KEMENTERIAN KESEHATAN,"layanan hipertensi, standar hipertensi, pengelolaan hipertensi",TRUE ,"Program berjalan, ditandai dengan Badan Kebijakan Pembangunan Kesehatan (BKPK) Kemenkes memaparkan capaian Standar Pelayanan Minimal (SPM) Kesehatan dalam Rapat Kerja Kesehatan Nasional (Rakerkesnas), mengonfirmasi capaian layanan hipertensi nasional sebesar 73% (2023) dari rata-rata SPM Kab/Kota 82. Kemenkes memperkuat regulasi lewat Permenkes No. 6 Tahun 2024 (penyempurnaan Permenkes No. 4/2019) yang menetapkan metode perhitungan Indeks Pencapaian SPM (IPSPM) baru. Implementasi konkret di daerah terus berjalan sepanjang 2025, dicontohkan Dinas Kesehatan Kabupaten Kampar yang menerbitkan Laporan Tahunan SPM 2025 dan penggunaan aplikasi digital terintegrasi oleh Dinas Kesehatan Kabupaten Cianjur untuk mendukung pencapaian target deteksi dini Penyakit Tidak Menular (PTM) termasuk hipertensi",2025-12-10 04:20:46.000,jdih.kemenkoinfra.go.id,https://jdih.kemenkoinfra.go.id/cfind/source/files/perpres/2025/perpres-nomor-12-tahun-2025/lampiran-iii-perpres-nomor-12-tahun-2025.pdf,2025-02-10 00:00:00.000,
275,1319,Pengampu Pencapaian Indikator Kegiatan Prioritas,KP 04.13.04 - Persentase perempuan dengan lesi pra kanker serviks yang mendapat pengobatan sesuai protokol,persen,(indikator baru),20,70,Kesehatan,KEMENTERIAN KESEHATAN,"lesi pra kanker, pengobatan serviks, protokol serviks",TRUE ,"Program berjalan, ditandai dengan integrasi resmi skrining kanker leher rahim ke dalam Program Cek Kesehatan Gratis (CKG) oleh Kemenkes yang mencakup pemeriksaan DNA HPV dan self-sampling, dengan penanganan lesi pra-kanker (termasuk terapi ablasi termal) telah disiapkan di fasilitas layanan primer seperti puskesmas untuk tindak lanjut langsung hasil skrining. Bukti eksekusi lapangan konkret: RSUD Sekayu bersama TP PKK Musi Banyuasin menyelenggarakan ""Skrining Lesi Pra Kanker Serviks berbasis AI TeleOTIVA"" (23 September 2025) dengan akurasi deteksi >80%, ditujukan bagi 100 perempuan usia 15-60 tahun",2025-12-10 04:20:46.000,jdih.kemenkoinfra.go.id,https://jdih.kemenkoinfra.go.id/cfind/source/files/perpres/2025/perpres-nomor-12-tahun-2025/lampiran-iii-perpres-nomor-12-tahun-2025.pdf,2025-02-10 00:00:00.000,
276,1320,Pengampu Pencapaian Indikator Kegiatan Prioritas,KP 04.13.04 - Cakupan imunisasi HPV,persen,6,90,90,Kesehatan,KEMENTERIAN KESEHATAN,"imunisasi hpv, vaksin hpv, cakupan imunisasi",TRUE ,"Program berjalan, ditandai dengan perubahan kebijakan resmi Kemenkes yang dimulai sejak 2025 dengan jumlah dosis imunisasi HPV diubah dari 2 dosis menjadi 1 dosis (mengikuti rekomendasi SAGE-WHO), dilaksanakan melalui Bulan Imunisasi Anak Sekolah (BIAS) bagi siswi kelas 5 SD, sesuai Kepmenkes No. HK.01.07/MENKES/2176/2023. Cakupan dosis pertama sebelumnya telah mencapai 95% (data 2024), dan program terus diperluas dan dikonfirmasi lewat kebijakan lanjutan vaksin HPV untuk anak laki-laki yang mulai diperkenalkan Agustus 2026 di 3 provinsi percontohan (DKI Jakarta, DIY, Bali), dengan syarat cakupan HPV anak perempuan di wilayah tersebut sudah mencapai minimal 90%, yang mana hal itu menunjukkan sistem monitoring capaian per-wilayah berjalan aktif dan digunakan sebagai basis pengambilan kebijakan",2025-12-10 04:20:46.000,jdih.kemenkoinfra.go.id,https://jdih.kemenkoinfra.go.id/cfind/source/files/perpres/2025/perpres-nomor-12-tahun-2025/lampiran-iii-perpres-nomor-12-tahun-2025.pdf,2025-02-10 00:00:00.000,
277,1330,Pengampu Pencapaian Indikator Kegiatan Prioritas,KP 04.13.06 - Kab/kota sanitasi total berbasis masyarakat,kab/kota,4 (2023),30,200,Kesehatan,KEMENTERIAN KESEHATAN,"sanitasi total, stbmi, sanitasi masyarakat",TRUE ,"Program berjalan, ditandai dengan Kementerian Kesehatan RI resmi memberikan STBM Award kepada berbagai kabupaten/kota se-Indonesia melalui Keputusan Menteri Kesehatan RI Nomor HK.01.07/MENKES/1125/2025 tentang Penganugerahan Tanda Penghargaan Kabupaten/Kota Sehat (KKS) Tahun 2025 dan dicontohkan Kabupaten Klaten meraih STBM Award kategori Paripurna (peringkat 5 terbaik nasional, diumumkan 28 November 2025) berdasarkan penilaian lima pilar STBM (SBS, CTPS, PAMMRT, PSRT, PALDRT). Bukti eksekusi lapangan konkret dari tim verifikasi lapangan Kemenkes langsung menilai kondisi sanitasi di 12 desa/kelurahan Kabupaten Sidoarjo (Juli 2026) sebagai bagian proses sertifikasi status ""Kabupaten STBM 5 Pilar"". Program didukung kegiatan verifikasi rutin di tingkat desa (dicontohkan Kabupaten Tana Tidung) dan Bimtek Peningkatan Kapasitas Pelaksanaan Program STBM Berkelanjutan (Januari 2025)",2025-12-10 04:20:46.000,jdih.kemenkoinfra.go.id,https://jdih.kemenkoinfra.go.id/cfind/source/files/perpres/2025/perpres-nomor-12-tahun-2025/lampiran-iii-perpres-nomor-12-tahun-2025.pdf,2025-02-10 00:00:00.000,
278,1359,Pengampu Pencapaian Indikator Kegiatan Prioritas,KP 04.02.03 - Persentase peserta didik yang mencapai standar kompetensi minimum (Numerasi),persen,"50,91 (2023)","52,55","54,21",Pendidikan,KEMENTERIAN AGAMA,"kompetensi minimum, numerasi minimum, capaian numerasi",TRUE,"Program berjalan, ditandai dengan pelaksanaan Asesmen Madrasah (AM) Tahun 2025 oleh Kemenag sesuai POS resmi, dengan jadwal jenjang MTs dilaksanakan 21-26 April 2025 dengan mengukur pencapaian kompetensi siswa madrasah termasuk numerasi sesuai Standar Kompetensi Lulusan yang ditetapkan Kemenag. Pelaksanaan asesmen ini terkonfirmasi berjalan di tingkat satuan pendidikan (dicontohkan MTs Al Islamiyah AMZ, Mei 2025), sebagai bagian sistem evaluasi mutu pendidikan madrasah yang berkelanjutan menggantikan UAMBN/UN",2025-12-10 04:20:46.000,jdih.kemenkoinfra.go.id,https://jdih.kemenkoinfra.go.id/cfind/source/files/perpres/2025/perpres-nomor-12-tahun-2025/lampiran-iii-perpres-nomor-12-tahun-2025.pdf,2025-02-10 00:00:00.000,
279,1361,Koordinator Pencapaian Indikator Prioritas Nasional,PN 03 - Stok infrastruktur terhadap PDB,persen,"43,00 (2019)","46,50","48,50",Infrastruktur,KEMENTERIAN KOORDINATOR BIDANG INFRASTRUKTUR DAN PEMBANGUNAN KEWILAYAHAN,"Stok Infrastruktur, Modal Fisik, Pembangunan Jalan, Investasi Publik, Aset Negara",TRUE,"Program berjalan, ditandai dengan penyampaian resmi Menteri Keuangan Sri Mulyani Indrawati dalam The International Conference on Infrastructure (ICI) 2025 (11-12 Juni 2025, Jakarta) yang memaparkan kebutuhan total investasi infrastruktur periode 2025-2029 sebesar USD 625 miliar, dengan kapasitas APBN hanya USD 250,15 miliar (40%) yang memicu peluncuran skema Kerja Sama Terbatas untuk Pembiayaan Infrastruktur (Ketupi) sebagai instrumen pembiayaan alternatif baru. Menko Infrastruktur dan Pembangunan Kewilayahan (Agus Harimurti Yudhoyono) memaparkan kebutuhan anggaran Rp24.286,76 triliun untuk mendukung pembangunan infrastruktur dalam Program Astacita RPJMN 2025-2029 (21 Oktober 2025). Sektor konstruksi, yang merupakan indikator utama stok infrastruktur, tercatat berkontribusi 9,48% terhadap PDB dan menyerap 8,7 juta tenaga kerja per Februari 2025 (data BPS, disampaikan Agustus 2025), dengan rencana integrasi data spasial ICOR untuk pengukuran stok infrastruktur yang lebih presisi",2025-12-10 04:20:46.000,jdih.kemenkoinfra.go.id,https://jdih.kemenkoinfra.go.id/cfind/source/files/perpres/2025/perpres-nomor-12-tahun-2025/lampiran-iii-perpres-nomor-12-tahun-2025.pdf,2026-07-03 09:27:03.911,
280,1362,Pengampu Pencapaian Indikator Kegiatan Prioritas,KP 04.02.05 - Persentase pemenuhan kebutuhan guru pendidikan agama,persen,"54,67","62,08","90,4",Pendidikan,KEMENTERIAN AGAMA,"kebutuhan guru, pemenuhan guru, tenaga pendidikan agama",TRUE,"Program berjalan, ditandai dengan pelaksanaan Program Pendidikan Profesi Guru (PPG) Dalam Jabatan yang dipercepat mulai 2025, menargetkan 269.168 guru (angkatan pertama dimulai Maret 2025) dari total 625.481 guru (madrasah, PAI, dan guru agama Kristen/Katolik/Hindu/Buddha/Khonghucu) yang belum mengikuti PPG. Kemenag melaporkan 91.028 guru PAI dalam jabatan mengikuti PPG 2025 (Agustus 2025), yang akan berhak menerima Tunjangan Profesi Guru (TPG) mulai 2026. Program juga mencakup pengangkatan 31.629 PPPK guru Madrasah dan impassing 73.638 guru non-ASN, dipaparkan Wamenag Romo Muhammad Syafii dalam penutupan Rakernas Kemenag 2025 (17 Desember 2025) di Tangerang. Data EMIS Kemenag 2025 mengonfirmasi total 250.151 guru PAI di sekolah umum, dengan mayoritas (151.236) masih diangkat pemerintah daerah untuk mendorong rencana resentralisasi kebijakan rekrutmen ke depan",2025-12-10 04:20:46.000,jdih.kemenkoinfra.go.id,https://jdih.kemenkoinfra.go.id/cfind/source/files/perpres/2025/perpres-nomor-12-tahun-2025/lampiran-iii-perpres-nomor-12-tahun-2025.pdf,2025-02-10 00:00:00.000,
281,1366,Pengampu Pencapaian Indikator Kegiatan Prioritas,KP 04.03.03 - Persentase satuan pendidikan pesantren yang mendapatkan pendampingan,persen,(indikator baru),10,30,Pendidikan,KEMENTERIAN AGAMA,"pendampingan pesantren, peningkatan mutu, pembinaan pendidikan",TRUE,"Program berjalan, ditandai dengan peluncuran Program Pesantren Ramah Anak (PRA) oleh Kemenag dengan 512 pesantren terpilih sebagai piloting tahap awal (diumumkan 27 Oktober 2025), berdasarkan Keputusan Menteri Agama Nomor 91 Tahun 2025 tentang Peta Jalan Program Pengembangan Pesantren Ramah Anak dan SK Dirjen Pendidikan Islam Nomor 1541 Tahun 2025 tentang Pilot Pendampingan. Pesantren terpilih mendapat pendampingan, pemantauan, dan evaluasi intensif sebagai bagian Fase Penguatan Dasar (2025-2026). Bukti eksekusi konkret: konsolidasi lintas 18 Kementerian/Lembaga dengan 65 peserta (28 Februari 2025) menghasilkan rekomendasi penguatan Modul Replikasi Pesantren Ramah Anak, serta Rapat Koordinasi Pendataan EMIS Pesantren 2025 (24 Juni 2025) yang memperkuat sistem data sebagai basis pendampingan dan penyaluran bantuan ke seluruh pesantren",2025-12-10 04:20:46.000,jdih.kemenkoinfra.go.id,https://jdih.kemenkoinfra.go.id/cfind/source/files/perpres/2025/perpres-nomor-12-tahun-2025/lampiran-iii-perpres-nomor-12-tahun-2025.pdf,2025-02-10 00:00:00.000,
282,1377,Pengampu Pencapaian Indikator Kegiatan Prioritas,KP 08.01.08 - Persentase penduduk miskin penerima manfaat dana sosial keagamaan,persen,1,2,6,Sosial,KEMENTERIAN AGAMA,"penerima manfaat, penduduk miskin, dana sosial keagamaan",TRUE,"Program berjalan, ditandai dengan Kemenag meluncurkan 3 program strategis pemberdayaan ekonomi umat (Kampung Zakat, Pemberdayaan Ekonomi Berbasis KUA, Inkubasi Wakaf Produktif) di Pulau Tidung, Kepulauan Seribu (10 September 2025), dengan total dana Rp500 juta disalurkan yang mencakup Rp350 juta untuk pemberdayaan ekonomi umat di 7 lokasi KUA Jakarta, Rp95 juta untuk Kampung Zakat dan Inkubasi Wakaf Produktif, serta santunan bagi 75 anak yatim. Program ini mendampingi langsung 15 pelaku UMKM dan 10 kelompok budidaya ikan setempat. Kemenag melanjutkan syiar zakat-wakaf lewat Zawa Funwalk 2025 di Car Free Day Jakarta (21 September 2025), menyalurkan 100 Paket Logistik Keluarga kepada mustahik",2025-12-10 04:20:46.000,jdih.kemenkoinfra.go.id,https://jdih.kemenkoinfra.go.id/cfind/source/files/perpres/2025/perpres-nomor-12-tahun-2025/lampiran-iii-perpres-nomor-12-tahun-2025.pdf,2025-02-10 00:00:00.000,
283,1380,Pengampu Pencapaian Indikator Kegiatan Prioritas,KP 07.02.01 - Persentase pemberian bantuan hukum secara itigasi dan non itigasi,persen,"84,4 (2023)","88,2","92,2",Birokrasi,KEMENTERIAN HUKUM,"Bantuan Hukum, LBH, Akses Keadilan, Litigasi, Non-Litigasi",TRUE,"Program berjalan, ditandai dengan Kemenkum melalui BPHN memberikan 7.597 bantuan hukum litigasi dan 2.064–3.784 bantuan hukum non-litigasi sepanjang 2025, dilaksanakan oleh 777 organisasi Pemberi Bantuan Hukum, capaian non-litigasi bahkan melebihi target awal (839 kegiatan menjadi 3.784 kegiatan). Kasus litigasi terbanyak adalah pidana (5.387 kasus), diikuti perdata (2.202) dan tata usaha negara (8). Program diperkuat dengan pembentukan 71.868 Pos Bantuan Hukum (Posbankum) di desa/kelurahan (85,61% dari 83.946 desa/kelurahan), jauh melebihi target 2025 sebanyak 7.000 unit memperluas akses bantuan hukum hingga tingkat desa",2025-12-10 04:20:46.000,jdih.kemenkoinfra.go.id,https://jdih.kemenkoinfra.go.id/cfind/source/files/perpres/2025/perpres-nomor-12-tahun-2025/lampiran-iii-perpres-nomor-12-tahun-2025.pdf,2025-02-10 00:00:00.000,
284,1385,Pengampu Pencapaian Indikator Kegiatan Prioritas,"KP 04.01.02 - Persentase satuan pendidikan formal dan nonformal yang memenuhi SNP sarpras, termasuk penyediaan fasilitas untuk mendukung satuan pendidikan inklusif",persen,"26,67","31,14","49,00",Pendidikan,KEMENTERIAN PENDIDIKAN DASAR DAN MENENGAH,"Sarpras Sekolah, Fasilitas Inklusif, Gedung Sekolah, Ruang Kelas, Standar Sarpras",TRUE,"Program berjalan, ditandai dengan peluncuran Program Revitalisasi Satuan Pendidikan oleh Kemendikdasmen sebagai tindak lanjut Instruksi Presiden Nomor 7 Tahun 2025, diatur teknis lewat Peraturan Dirjen Dikdasmen Nomor M2400/C/HK.03.01/2025 yang menegaskan prinsip ""tidak boleh ada sekolah yang atapnya runtuh, bahkan tidak boleh ada sekolah yang tidak ada WC."" Program menyasar mengatasi kondisi 174.000+ satuan pendidikan berkondisi rusak sedang-berat dan 219.000+ satuan pendidikan belum memenuhi SNP, dengan dana dikirim langsung (cash transfer) ke sekolah untuk dikelola swakelola. Bukti eksekusi konkret 2025 adalah peresmian hasil revitalisasi SLB Tunas Bakti di Bantul, DIY (12 Agustus 2026, merujuk pada penyelesaian proyek tahun 2025) yang mencakup rehabilitasi total 6 ruang kelas, pembangunan ruang keterampilan tata boga, dan penataan area luar ruang untuk 83 murid berkebutuhan khusus",2025-12-10 04:20:46.000,jdih.kemenkoinfra.go.id,https://jdih.kemenkoinfra.go.id/cfind/source/files/perpres/2025/perpres-nomor-12-tahun-2025/lampiran-iii-perpres-nomor-12-tahun-2025.pdf,2025-02-10 00:00:00.000,
285,1415,Pengampu Pencapaian Indikator Kegiatan Prioritas,KP 04.06.02 - Proporsi Program Studi STEM,persen,"43,5 (2022)","47,7","53,0",Pendidikan,"KEMENTERIAN PENDIDIKAN TINGGI, SAINS, DAN TEKNOLOGI","Prodi STEM, Sains, Teknik, Matematika, Kurikulum STEM",TRUE,"Program berjalan, ditandai dengan pelaksanaan verifikasi dan evaluasi implementasi SPMI (termasuk data proporsi dan akreditasi prodi STEM) oleh LLDikti di seluruh wilayah Indonesia berdasarkan Permendiktisaintek No. 39/2025 (ditetapkan 28 Agustus 2025), serta pembahasan kebijakan kuota prodi STEM vs sosial oleh Wamendiktisaintek Fauzan dalam Rapat Kerja Komisi X DPR (10 Juli 2025) untuk menyeimbangkan proporsi lulusan yang masih timpang (65% sosial vs STEM)",2025-12-10 04:20:46.000,jdih.kemenkoinfra.go.id,https://jdih.kemenkoinfra.go.id/cfind/source/files/perpres/2025/perpres-nomor-12-tahun-2025/lampiran-iii-perpres-nomor-12-tahun-2025.pdf,2025-02-10 00:00:00.000,
286,1422,Pengampu Pencapaian Indikator Kegiatan Prioritas,"KP 04.07.02 - Persentase lulusan pendidikan tinggi vokasi setahun terakhir yang: 
 (a) bekerja; 
 (b) berwirausaha",persen,"(a) 74,25; 
 (b) 4,29 (2023)","(a) 74,50; 
 (b) 4,50","(a) 75,50; 
 (b) 5,00",Pendidikan,"KEMENTERIAN PENDIDIKAN TINGGI, SAINS, DAN TEKNOLOGI","Vokasi Kerja, Wirausaha Vokasi, Alumni Politeknik, Terapan, Serapan Industri",TRUE,"Program berjalan dan melampaui target, ditandai dengan pemaparan resmi Mendiktisaintek Brian Yuliarto yaitu, lulusan pendidikan tinggi (termasuk vokasi) yang langsung bekerja sebagai karyawan atau berwirausaha dalam 1 tahun setelah kelulusan pada 2025 mencapai 93,97% yang jauh melampaui target 83%. Program didukung pelaksanaan Tracer Study Vokasi 2025 secara sistematis melalui portal resmi tracervokasi.kemendikdasmen.go.id, dengan Fakultas Vokasi UNY melaporkan hasil konkret: 46% lulusan bekerja di instansi, 9% wiraswasta, 2% melanjutkan pendidikan. Data pelengkap dari jenjang SMK (Tracer Study SMK 2025, respons 86% dari 1,5 juta lulusan) menunjukkan tren keterserapan kerja naik dari 43,7% (2022-2023) menjadi 48,9% (2025), dan wirausaha stabil di kisaran 20,4-23,6%",2025-12-10 04:20:46.000,jdih.kemenkoinfra.go.id,https://jdih.kemenkoinfra.go.id/cfind/source/files/perpres/2025/perpres-nomor-12-tahun-2025/lampiran-iii-perpres-nomor-12-tahun-2025.pdf,2025-02-10 00:00:00.000,
287,1427,Pengampu Pencapaian Indikator Kegiatan Prioritas,KP 04.08.02 - Jumlah startup binaan yang produktif,startup,(indikator baru),2,15,Pendidikan,"KEMENTERIAN PENDIDIKAN TINGGI, SAINS, DAN TEKNOLOGI","Startup, Perusahaan Pemula, Inkubasi, Tenant STP, Wirausaha Teknologi",TRUE,"Program berjalan, ditandai dengan ajang AIBI Award 2025 (Asosiasi Inkubator Bisnis Indonesia) yang digelar di Solo, Jawa Tengah (15 Oktober 2025) yang memberikan penghargaan resmi kepada inkubator bisnis kampus berprestasi. UC Ventures (Universitas Ciputra) meraih penghargaan ""Inkubator Bisnis Berkembang"", dengan 5 startup binaannya turut menyabet kategori (Renjana Cashew - Startup Unggulan; Alohi_id, KayaBoys, Odos Creative, SiuSiu - Startup Pemula Prospektif) dari total lebih dari 70 startup binaan lintas sektor yang telah dibina, sebagian bahkan telah menembus pasar ekspor. Program didukung ekosistem inkubasi aktif di berbagai kampus (dicontohkan BINUS Inkubator, November 2025) yang menyediakan pelatihan, ruang kerja, dan akses pendanaan bagi startup mahasiswa",2025-12-10 04:20:46.000,jdih.kemenkoinfra.go.id,https://jdih.kemenkoinfra.go.id/cfind/source/files/perpres/2025/perpres-nomor-12-tahun-2025/lampiran-iii-perpres-nomor-12-tahun-2025.pdf,2025-02-10 00:00:00.000,
288,1432,Koordinator Pencapaian Indikator Prioritas Nasional,"PN 06 - Rumah tangga dengan akses hunian layak, terjangkau, dan berkelanjutan",persen,"65,25","67,00","74,00",Infrastruktur,KEMENTERIAN KOORDINATOR BIDANG INFRASTRUKTUR DAN PEMBANGUNAN KEWILAYAHAN,"Hunian Layak, Rumah Terjangkau, Backlog Perumahan, Sanitasi, Permukiman",TRUE,"Program berjalan dan melampaui target. Kepala BPS Amalia Adininggar Widyasanti secara resmi mengonfirmasi dalam Publikasi Statistik Perumahan bahwa akses rumah layak huni nasional mencapai 68,40% pada 2025, yang mana hal itu  melampaui target RPJMN 2025 (67,00%). Pencapaian ini didukung Program 3 Juta Rumah (bagian dari Astacita Presiden Prabowo) dengan kuota FLPP (Fasilitas Likuiditas Pembiayaan Perumahan) yang dinaikkan dari 220.000 menjadi 350.000 unit pada TA 2025. Bukti eksekusi lapangan konkret: penyerahan simbolis bantuan Rumah Sederhana Layak Huni (RSLH) di Kudus (24 April 2025), serta backlog kepemilikan rumah turun dari 9,9 juta unit (2023) menuju tren perbaikan berkelanjutan ke 9,29 juta unit (2026)",2025-12-10 04:20:46.000,jdih.kemenkoinfra.go.id,https://jdih.kemenkoinfra.go.id/cfind/source/files/perpres/2025/perpres-nomor-12-tahun-2025/lampiran-iii-perpres-nomor-12-tahun-2025.pdf,2026-07-03 09:27:03.911,
289,1433,Koordinator Pencapaian Indikator Prioritas Nasional,PN 06 - Proposal PDRB Perkotaan terhadap PDB Nasional,persen,"56,56 (2022)","57,29","59,23",Industri,KEMENTERIAN KOORDINATOR BIDANG INFRASTRUKTUR DAN PEMBANGUNAN KEWILAYAHAN,"Ekonomi Kota, Urbanisasi, PDRB Kota, Kawasan Urban, Pertumbuhan Kota",TRUE,"Program berjalan, ditandai dengan kunjungan langsung Deputi Infrastruktur Dasar Kemenko Infraswil, Muhammad Rachmat Kaimuddin, bersama Gubernur Sumatera Barat Mahyeldi ke lokasi pembangunan Fly Over Sitinjau Lauik (27 Oktober 2025), kegiatan koordinasi lapangan nyata untuk mempercepat realisasi proyek infrastruktur perkotaan strategis, termasuk penyelesaian pembebasan lahan dengan ATR/BPN, pemerintah daerah, dan tokoh adat setempat. Kemenko Infraswil juga menggelar Rapat Koordinasi Pokja Infrastruktur Tangguh Bencana bersama Kemenko PMK dan lintas K/L (24 Januari 2025) sebagai tindak lanjut konkret penguatan infrastruktur dasar perkotaan (air bersih, sanitasi, rumah layak huni)",2025-12-10 04:20:46.000,jdih.kemenkoinfra.go.id,https://jdih.kemenkoinfra.go.id/cfind/source/files/perpres/2025/perpres-nomor-12-tahun-2025/lampiran-iii-perpres-nomor-12-tahun-2025.pdf,2026-07-03 09:27:03.911,
290,1434,Pengampu Pencapaian Indikator Kegiatan Prioritas,KP 07.09.02 - Provinsi dengan Indeks Penerapan Standar Pelayanan Minimal (SPM) berkategori tuntas paripurna,provinsi,2 (2023),5,34,Birokrasi,KEMENTERIAN DALAM NEGERI,"SPM paripurna, standar layanan, pelayanan minimal, kinerja provinsi, kepatuhan daerah",TRUE,"Program berjalan, ditandai dengan Kemendagri (Ditjen Bina Pembangunan Daerah) menyelenggarakan SPM Awards 2025 pada 23 Mei 2025 di Jakarta, memberikan penghargaan langsung dari Mendagri Tito Karnavian kepada pemerintah daerah dengan kinerja penerapan SPM terbaik, mencakup 6 bidang pelayanan dasar (pendidikan, kesehatan, PU-penataan ruang, perumahan rakyat, ketenteraman-ketertiban umum, dan sosial). Program didukung sistem evaluasi resmi berbasis Indeks Pencapaian SPM (IP SPM) dengan kategori bertingkat (Tuntas Paripurna = nilai 100, Tuntas Utama = 90-99, dst.), serta pelatihan teknis penyusunan dokumen perencanaan SPM yang digelar BPSDM Kemendagri di berbagai regional (contoh: PPSDM Bukittinggi, Mei 2025) untuk memperkuat kapasitas aparatur daerah mencapai kategori tertinggi",2025-12-10 04:20:46.000,jdih.kemenkoinfra.go.id,https://jdih.kemenkoinfra.go.id/cfind/source/files/perpres/2025/perpres-nomor-12-tahun-2025/lampiran-iii-perpres-nomor-12-tahun-2025.pdf,2025-02-10 00:00:00.000,
291,1444,Pengampu Pencapaian Indikator Kegiatan Prioritas,KP 02.12.05 - Kapasitas SPAM terbangun,liter/detik,281.045,281.797,287.5,Infrastruktur,KEMENTERIAN PEKERJAAN UMUM,"SPAM, kapasitas, air minum",TRUE,"Program berjalan, ditandai dengan realisasi resmi Kementerian PU: pembangunan dan peningkatan SPAM sebesar 1.250 liter/detik pada Tahun Anggaran 2025 (dipaparkan dalam Rapat Kerja dengan Komisi V DPR RI). Bukti proyek konkret: SPAM Regional Mamminasata tahap pertama (500 liter/detik, progres IPA 90,06%, Makassar-Gowa-Takalar-Maros, anggaran Rp78,98 miliar APBN 2025), serta SPAM Regional Jatiluhur I yang mulai beroperasi penuh melayani DKI Jakarta, Bekasi, dan Karawang dengan kapasitas 4.750 liter/detik. Kementerian PU juga menggelar Rapat Harmonisasi Rancangan PP tentang SPAM bersama Kemenkumham (20 Oktober 2025, Bandung) untuk memperkuat tata kelola penyelenggaraan SPAM secara nasional",2025-12-10 04:20:46.000,jdih.kemenkoinfra.go.id,https://jdih.kemenkoinfra.go.id/cfind/source/files/perpres/2025/perpres-nomor-12-tahun-2025/lampiran-iii-perpres-nomor-12-tahun-2025.pdf,2025-02-10 00:00:00.000,
292,1456,Pengampu Pencapaian Indikator Kegiatan Prioritas,KP 08.01.05 - Indeks Kepuasan Layanan KUA,-,"85,53","85,64","86,07",Sosial,KEMENTERIAN AGAMA,"kepuasan kua, layanan kua, indeks kepuasan",TRUE,"Program berjalan dan melampaui target, ditandai dengan hasil resmi Indeks Kepuasan Layanan KUA 2025 yang mencatat skor 86,03 (kategori ""baik"") yang meningkat dari 85,09 di tahun sebelumnya, dan sudah melampaui target 2025 (85,64) bahkan mendekati target 2029 (86,07). Survei dilaksanakan oleh Badan Moderasi Beragama dan Pengembangan SDM (BMBPSDM) Kemenag, melibatkan 1.209 responden di 200 KUA tersebar di 37 provinsi dengan metode wawancara tatap muka cluster random sampling, mengukur 9 dimensi layanan. Hasil dipaparkan Kepala Pusat Strategi Kebijakan Pembangunan Bidang Agama Kemenag, Arfi Hatim (dirilis Januari 2026), sebagai bukti keberhasilan transformasi layanan keagamaan tingkat kecamatan",2025-12-10 04:20:46.000,jdih.kemenkoinfra.go.id,https://jdih.kemenkoinfra.go.id/cfind/source/files/perpres/2025/perpres-nomor-12-tahun-2025/lampiran-iii-perpres-nomor-12-tahun-2025.pdf,2025-02-10 00:00:00.000,